   5.5830914e-01
   1.1166183e+00
   1.6749274e+00
   2.2332365e+00
   2.7915457e+00
   3.3498548e+00
   3.9081640e+00
   4.4664731e+00
   5.0247822e+00
   5.5830914e+00
   6.1414005e+00
   6.6997096e+00
   7.2580188e+00
   7.8163279e+00
   8.3746370e+00
   8.9329462e+00
   9.4912553e+00
   1.0049564e+01
   1.0607874e+01
   1.1166183e+01
   1.1724492e+01
   1.2282801e+01
   1.2841110e+01
   1.3399419e+01
   1.3957728e+01
   1.4516038e+01
   1.5074347e+01
   1.5632656e+01
   1.6190965e+01
   1.6749274e+01
   1.7307583e+01
   1.7865892e+01
   1.8424201e+01
   1.8982511e+01
   1.9540820e+01
   2.0099129e+01
   2.0657438e+01
   2.1215747e+01
   2.1774056e+01
   2.2332365e+01
   2.2890675e+01
   2.3448984e+01
   2.4007293e+01
   2.4565602e+01
   2.5123911e+01
   2.5682220e+01
   2.6240529e+01
   2.6798839e+01
   2.7357148e+01
   2.7915457e+01
   2.8473766e+01
   2.9032075e+01
   2.9590384e+01
   3.0148693e+01
   3.0707002e+01
   3.1265312e+01
   3.1823621e+01
   3.2381930e+01
   3.2940239e+01
   3.3498548e+01
   3.4056857e+01
   3.4615166e+01
   3.5173476e+01
   3.5731785e+01
   3.6290094e+01
   3.6848403e+01
   3.7406712e+01
   3.7965021e+01
   3.8523330e+01
   3.9081640e+01
   3.9639949e+01
   4.0198258e+01
   4.0756567e+01
   4.1314876e+01
   4.1873185e+01
   4.2431494e+01
   4.2989803e+01
   4.3548113e+01
   4.4106422e+01
   4.4664731e+01
   4.5223040e+01
   4.5781349e+01
   4.6339658e+01
   4.6897967e+01
   4.7456277e+01
   4.8014586e+01
   4.8572895e+01
   4.9131204e+01
   4.9689513e+01
   5.0247822e+01
   5.0806131e+01
   5.1364441e+01
   5.1922750e+01
   5.2481059e+01
   5.3039368e+01
   5.3597677e+01
   5.4155986e+01
   5.4714295e+01
   5.5272604e+01
   5.5830914e+01
