   1.5478112e-02   1.5356121e-02   1.3808406e-02   1.0720026e-02   6.9306203e-03   1.1080954e-02   2.4753747e-02   1.9842277e-02   1.2527436e-02   8.9287547e-03   8.4953806e-03   9.6685745e-03   9.9526529e-03   9.7808566e-03   9.6011694e-03   9.5305160e-03   9.5214243e-03   9.5266526e-03
   2.2197874e-02   2.2089553e-02   2.0660602e-02   1.7579158e-02   1.3366309e-02   1.5133804e-02   2.6746060e-02   2.6106452e-02   1.9321623e-02   1.5509044e-02   1.4500531e-02   1.5616716e-02   1.6395373e-02   1.6413319e-02   1.6236205e-02   1.6146104e-02   1.6127904e-02   1.6131848e-02
   2.7701197e-02   2.7617813e-02   2.6401962e-02   2.3431117e-02   1.8861393e-02   1.7767448e-02   2.6537850e-02   3.1068695e-02   2.5056603e-02   2.1105870e-02   1.9448724e-02   2.0473478e-02   2.1789465e-02   2.2020347e-02   2.1851382e-02   2.1741893e-02   2.1713904e-02   2.1716258e-02
   3.1921408e-02   3.1876124e-02   3.0987092e-02   2.8254713e-02   2.3437877e-02   1.9137128e-02   2.4198940e-02   3.4682058e-02   2.9706006e-02   2.5722901e-02   2.3379348e-02   2.4277873e-02   2.6138702e-02   2.6593711e-02   2.6439020e-02   2.6311735e-02   2.6273893e-02   2.6274411e-02
   3.4819651e-02   3.4827235e-02   3.4397686e-02   3.2060281e-02   2.7156592e-02   1.9488957e-02   1.9977496e-02   3.6941541e-02   3.3275276e-02   2.9401114e-02   2.6379553e-02   2.7118059e-02   2.9487910e-02   3.0163175e-02   3.0029297e-02   2.9887606e-02   2.9840598e-02   2.9839113e-02
   3.6371790e-02   3.6448138e-02   3.6624000e-02   3.4866389e-02   3.0093716e-02   1.9122684e-02   1.4287139e-02   3.7870713e-02   3.5779927e-02   3.2196637e-02   2.8558306e-02   2.9103170e-02   3.1898315e-02   3.2773683e-02   3.2667670e-02   3.2516934e-02   3.2462265e-02   3.2458698e-02
   3.6566998e-02   3.6728547e-02   3.7658671e-02   3.6685395e-02   3.2322793e-02   1.8355770e-02   7.6827066e-03   3.7513811e-02   3.7233592e-02   3.4164510e-02   3.0025610e-02   3.0340535e-02   3.3429565e-02   3.4469352e-02   3.4398943e-02   3.4246516e-02   3.4186492e-02   3.4180837e-02
   3.5410635e-02   3.5673742e-02   3.7498365e-02   3.7517827e-02   3.3901370e-02   1.7487564e-02   8.2301284e-04   3.5927427e-02   3.7644362e-02   3.5347396e-02   3.0875713e-02   3.0918138e-02   3.4128025e-02   3.5283687e-02   3.5257329e-02   3.5112295e-02   3.5049900e-02   3.5042209e-02
   3.2924103e-02   3.3304326e-02   3.6146089e-02   3.7352733e-02   3.4861501e-02   1.6763792e-02  -5.5840368e-03   3.3169467e-02   3.7015139e-02   3.5768235e-02   3.1173599e-02   3.0891971e-02   3.4020030e-02   3.5234440e-02   3.5261028e-02   3.5133647e-02   3.5072327e-02   3.5062691e-02
   2.9140281e-02   2.9651317e-02   3.3609544e-02   3.6169978e-02   3.5204154e-02   1.6344849e-02  -1.0859417e-02   2.9288656e-02   3.5343722e-02   3.5426388e-02   3.0945465e-02   3.0278470e-02   3.3108744e-02   3.4321530e-02   3.4409935e-02   3.4310866e-02   3.4254240e-02   3.4242766e-02
   2.4100154e-02   2.4752058e-02   2.9897045e-02   3.3941952e-02   3.4897945e-02   1.6283723e-02  -1.4451779e-02   2.4320917e-02   3.2621351e-02   3.4297164e-02   3.0174824e-02   2.9052563e-02   3.1373856e-02   3.2527057e-02   3.2685649e-02   3.2625126e-02   3.2576680e-02   3.2563474e-02
   1.7858797e-02   1.8655195e-02   2.5017467e-02   3.0635618e-02   3.3882356e-02   1.6518865e-02  -1.6039359e-02   1.8297398e-02   2.8832400e-02   3.2334665e-02   2.8805174e-02   2.7151577e-02   2.8774261e-02   2.9817458e-02   3.0053766e-02   3.0040891e-02   3.0003707e-02   2.9988852e-02
   1.0505226e-02   1.1439516e-02   1.8990846e-02   2.6218810e-02   3.2074951e-02   1.6883808e-02  -1.5604061e-02   1.1264426e-02   2.3960028e-02   2.9477825e-02   2.6748635e-02   2.4484762e-02   2.5254610e-02   2.6148872e-02   2.6469302e-02   2.6511485e-02   2.6488031e-02   2.6471575e-02
   2.1938730e-03   3.2447573e-03   1.1871794e-02   2.0675011e-02   2.9382036e-02   1.7130892e-02  -1.3448133e-02   3.3118521e-03   1.8001528e-02   2.5659957e-02   2.3898848e-02   2.0948074e-02   2.0757137e-02   2.1477343e-02   2.1886629e-02   2.1989086e-02   2.1981062e-02   2.1963017e-02
  -6.8200004e-03  -5.6929766e-03   3.7822591e-03   1.4028212e-02   2.5712884e-02   1.6963530e-02  -1.0142658e-02  -5.3951567e-03   1.0993704e-02   2.0822803e-02   2.0146937e-02   1.6444218e-02   1.5239916e-02   1.5775369e-02   1.6275413e-02   1.6440554e-02   1.6448765e-02   1.6429139e-02
  -1.6151151e-02  -1.5010882e-02  -5.0534125e-03   6.3754931e-03   2.0998272e-02   1.6071558e-02  -6.4225246e-03  -1.4585737e-02   3.0450466e-03   1.4936315e-02   1.5400807e-02   1.0908227e-02   8.7018005e-03   9.0553024e-03   9.6432259e-03   9.8698229e-03   9.8940570e-03   9.8729161e-03
  -2.5272907e-02  -2.4205108e-02  -1.4279460e-02  -2.0782552e-03   1.5213805e-02   1.4166929e-02  -3.0589803e-03  -2.3860656e-02  -5.6307681e-03   8.0244957e-03   9.6090399e-03   4.3380952e-03   1.2126933e-03   1.3984812e-03   2.0640435e-03   2.3461973e-03   2.3850973e-03   2.3626492e-03
  -3.3536426e-02  -3.2644971e-02  -2.3395570e-02  -1.0991237e-02   8.4071021e-03   1.1019929e-02  -7.4034828e-04  -3.2687815e-02  -1.4687119e-02   1.9576337e-04   2.7898930e-03  -3.1717158e-03  -7.0542073e-03  -7.0131019e-03  -6.2902464e-03  -5.9641759e-03  -5.9132319e-03  -5.9365397e-03
  -4.0232477e-02  -3.9628182e-02  -3.1772184e-02  -1.9871297e-02   7.2589190e-04   6.4967931e-03   2.1113556e-05  -4.0430477e-02  -2.3632089e-02  -8.3262381e-03  -4.9365116e-03  -1.1398484e-02  -1.5793878e-02  -1.5868283e-02  -1.5120741e-02  -1.4768947e-02  -1.4709920e-02  -1.4733320e-02
  -4.4697343e-02  -4.4480893e-02  -3.8707214e-02  -2.8091020e-02  -7.5581219e-03   5.9745447e-04  -1.0478447e-03  -4.6419951e-02  -3.1844667e-02  -1.7178507e-02  -1.3317848e-02  -1.9968488e-02  -2.4553592e-02  -2.4710541e-02  -2.3983731e-02  -2.3631063e-02  -2.3569211e-02  -2.3591577e-02
  -4.6443094e-02  -4.6686257e-02  -4.3528254e-02  -3.4944559e-02  -1.6037518e-02  -6.5113648e-03  -3.9458800e-03  -5.0069164e-02  -3.8632744e-02  -2.5852074e-02  -2.1949399e-02  -2.8353783e-02  -3.2742252e-02  -3.2947154e-02  -3.2297031e-02  -3.1973777e-02  -3.1915384e-02  -3.1935280e-02
  -4.5270450e-02  -4.6002120e-02  -4.5723520e-02  -3.9750719e-02  -2.4180488e-02  -1.4475187e-02  -8.3873906e-03  -5.0999389e-02  -4.3336466e-02  -3.3716742e-02  -3.0275543e-02  -3.5901335e-02  -3.9678410e-02  -3.9897587e-02  -3.9384537e-02  -3.9123327e-02  -3.9075088e-02  -3.9090917e-02
  -4.1318220e-02  -4.2520890e-02  -4.5061488e-02  -4.1986631e-02  -3.1376783e-02  -2.2751883e-02  -1.3822833e-02  -4.9134527e-02  -4.5459235e-02  -4.0088803e-02  -3.7626111e-02  -4.1904911e-02  -4.4683220e-02  -4.4887249e-02  -4.4566275e-02  -4.4397059e-02  -4.4365096e-02  -4.4375358e-02
  -3.5026781e-02  -3.6644547e-02  -4.1652101e-02  -4.1412993e-02  -3.7022894e-02  -3.0642627e-02  -1.9496834e-02  -4.4722892e-02  -4.4786017e-02  -4.4340775e-02  -4.3296647e-02  -4.5717980e-02  -4.7206057e-02  -4.7373636e-02  -4.7282930e-02  -4.7227002e-02  -4.7215682e-02  -4.7219285e-02
  -2.7031955e-02  -2.8985881e-02  -3.5922712e-02  -3.8143253e-02  -4.0634463e-02  -3.7362466e-02  -2.4549168e-02  -3.8276750e-02  -4.1442602e-02  -4.6030198e-02  -4.6667149e-02  -4.6884424e-02  -4.6947568e-02  -4.7068716e-02  -4.7220430e-02  -4.7285443e-02  -4.7296381e-02  -4.7292903e-02
  -1.8033714e-02  -2.0237835e-02  -2.8519589e-02  -3.2627210e-02  -4.1954323e-02  -4.2151728e-02  -2.8152113e-02  -3.0456217e-02  -3.5870226e-02  -4.5005221e-02  -4.7331532e-02  -4.5244555e-02  -4.3933781e-02  -4.4010897e-02  -4.4387913e-02  -4.4565931e-02  -4.4597585e-02  -4.4587378e-02
  -8.6849362e-03  -1.1057399e-02  -2.0175533e-02  -2.5555952e-02  -4.1016229e-02  -4.4412171e-02  -2.9659584e-02  -2.1942577e-02  -2.8726788e-02  -4.1444746e-02  -4.5193272e-02  -4.0973692e-02  -3.8509264e-02  -3.8555389e-02  -3.9115505e-02  -3.9384958e-02  -3.9433000e-02  -3.9417098e-02
   4.7543733e-04  -1.9916905e-03  -1.1588476e-02  -1.7725662e-02  -3.8137190e-02  -4.3830877e-02  -2.8728032e-02  -1.3338868e-02  -2.0754265e-02  -3.5815985e-02  -4.0487649e-02  -3.4536151e-02  -3.1252278e-02  -3.1287263e-02  -3.1972916e-02  -3.2303573e-02  -3.2361870e-02  -3.2341733e-02
   9.0443630e-03   6.5505649e-03  -3.3384929e-03  -9.9045186e-03  -3.3839843e-02  -4.0446505e-02  -2.5369570e-02  -5.1139133e-03  -1.2655717e-02  -2.8767808e-02  -3.3720734e-02  -2.6574803e-02  -2.2848041e-02  -2.2894142e-02  -2.3643746e-02  -2.4002674e-02  -2.4064465e-02  -2.4041670e-02
   1.6744992e-02   1.4294165e-02   4.1515087e-03  -2.7323117e-03  -2.8732933e-02  -3.4629798e-02  -1.9920159e-02   2.4133787e-03  -5.0086505e-03  -2.1001120e-02  -2.5551808e-02  -1.7780686e-02  -1.3966470e-02  -1.4044739e-02  -1.4802010e-02  -1.5158573e-02  -1.5217470e-02  -1.5193450e-02
   2.3400599e-02   2.1074315e-02   1.0620118e-02   3.3378347e-03  -2.3388055e-02  -2.6986691e-02  -1.2939268e-02   9.0617392e-03   1.7791536e-03  -1.3156078e-02  -1.6665265e-02  -8.7850914e-03  -5.1766210e-03  -5.3046247e-03  -6.0241487e-03  -6.3531048e-03  -6.4037280e-03  -6.3796099e-03
   2.8903752e-02   2.6806760e-02   1.5949314e-02   8.0594425e-03  -1.8243852e-02  -1.8224383e-02  -5.0813604e-03   1.4760137e-02   7.4780740e-03  -5.7378786e-03  -7.6709485e-03  -9.5492191e-05   3.0934481e-03   2.9027757e-03   2.2535967e-03   1.9708524e-03   1.9325870e-03   1.9560277e-03
   3.3188060e-02   3.1458138e-02   2.0135072e-02   1.1382960e-02  -1.3554027e-02  -9.0276560e-03   3.0193105e-03   1.9515455e-02   1.2019889e-02   9.1614006e-04   9.5081591e-04   7.9255039e-03   1.0559855e-02   1.0298679e-02   9.7402293e-03   9.5157092e-03   9.4925287e-03   9.5148344e-03
   3.6206686e-02   3.5020683e-02   2.3255091e-02   1.3425462e-02  -9.3817741e-03   2.4453591e-05   1.0826028e-02   2.3382432e-02   1.5465756e-02   6.6358876e-03   8.8636465e-03   1.5050857e-02   1.7063381e-02   1.6729108e-02   1.6271535e-02   1.6111396e-02   1.6104728e-02   1.6125676e-02
   3.7919483e-02   3.7493846e-02   2.5438969e-02   1.4428172e-02  -5.6335663e-03   8.4958136e-03   1.7934740e-02   2.6439982e-02   1.7967212e-02   1.1394563e-02   1.5862188e-02   2.1163406e-02   2.2539798e-02   2.2135057e-02   2.1780717e-02   2.1686254e-02   2.1696334e-02   2.1715835e-02
   3.8288659e-02   3.8874009e-02   2.6842778e-02   1.4708468e-02  -2.1193010e-03   1.6093858e-02   2.4075487e-02   2.8774649e-02   1.9726361e-02   1.5270473e-02   2.1844567e-02   2.6224263e-02   2.6988595e-02   2.6521113e-02   2.6266853e-02   2.6235479e-02   2.6261465e-02   2.6279478e-02
   3.7281636e-02   3.9151828e-02   2.7627207e-02   1.4610446e-02   1.3769252e-03   2.2647157e-02   2.9092835e-02   3.0469124e-02   2.0958845e-02   1.8402429e-02   2.6779336e-02   3.0242107e-02   3.0445210e-02   2.9927540e-02   2.9766465e-02   2.9792526e-02   2.9832624e-02   2.9849088e-02
   3.4879683e-02   3.8315340e-02   2.7937634e-02   1.4456246e-02   5.0306864e-03   2.8071178e-02   3.2917302e-02   3.1592785e-02   2.1860951e-02   2.0945475e-02   3.0673421e-02   3.3247697e-02   3.2959242e-02   3.2408244e-02   3.2330891e-02   3.2406311e-02   3.2457904e-02   3.2472706e-02
   3.1091578e-02   3.6356600e-02   2.7885884e-02   1.4500679e-02   8.9275919e-03   3.2331552e-02   3.5536915e-02   3.2192607e-02   2.2581560e-02   2.3032512e-02   3.3546162e-02   3.5275839e-02   3.4579070e-02   3.4014996e-02   3.4010102e-02   3.4124958e-02   3.4184769e-02   3.4197744e-02
   2.5972241e-02   3.3280478e-02   2.7535639e-02   1.4893886e-02   1.3036773e-02   3.5413326e-02   3.6974062e-02   3.2285247e-02   2.3200587e-02   2.4745850e-02   3.5412813e-02   3.6354910e-02   3.5341980e-02   3.4787086e-02   3.4842247e-02   3.4985412e-02   3.5049736e-02   3.5060686e-02
   1.9645862e-02   2.9115605e-02   2.6894389e-02   1.5658283e-02   1.7208653e-02   3.7302478e-02   3.7268471e-02   3.1852773e-02   2.3716632e-02   2.6100974e-02   3.6277794e-02   3.6502208e-02   3.5268452e-02   3.4745187e-02   3.4847627e-02   3.5007585e-02   3.5072576e-02   3.5081292e-02
   1.2331317e-02   2.3928044e-02   2.5913640e-02   1.6684837e-02   2.1193723e-02   3.7980990e-02   3.6464356e-02   3.0843924e-02   2.4046225e-02   2.7042928e-02   3.6134777e-02   3.5722487e-02   3.4359547e-02   3.3888558e-02   3.4026003e-02   3.4191753e-02   3.4253752e-02   3.4260048e-02
   4.3648461e-03   1.7837566e-02   2.4496704e-02   1.7749511e-02   2.4676104e-02   3.7430813e-02   3.4599842e-02   2.9180698e-02   2.4034914e-02   2.7453803e-02   3.4969105e-02   3.4007687e-02   3.2596850e-02   3.2195149e-02   3.2356609e-02   3.2518522e-02   3.2574366e-02   3.2578101e-02
  -3.7883913e-03   1.1034436e-02   2.2511753e-02   1.8545832e-02   2.7314282e-02   3.5639316e-02   3.1699138e-02   2.6768279e-02   2.3477859e-02   2.7168560e-02   3.2759441e-02   3.1337497e-02   2.9945054e-02   2.9624632e-02   2.9800885e-02   2.9951320e-02   2.9998582e-02   2.9999690e-02
  -1.1545395e-02   3.7922116e-03   1.9808108e-02   1.8726790e-02   2.8781587e-02   3.2601533e-02   2.7770285e-02   2.3506403e-02   2.2146404e-02   2.5996448e-02   2.9479101e-02   2.7682197e-02   2.6357743e-02   2.6124822e-02   2.6308515e-02   2.6442113e-02   2.6479232e-02   2.6477741e-02
  -1.8251172e-02  -3.5303789e-03   1.6235624e-02   1.7950046e-02   2.8801297e-02   2.8320830e-02   2.2811562e-02   1.9302193e-02   1.9817972e-02   2.3746753e-02   2.5100758e-02   2.3010224e-02   2.1787494e-02   2.1642434e-02   2.1827901e-02   2.1941566e-02   2.1967873e-02   2.1963922e-02
  -2.3265549e-02  -1.0506903e-02   1.1668585e-02   1.5923422e-02   2.7175361e-02   2.2814506e-02   1.6827608e-02   1.4086544e-02   1.6308543e-02   2.0259170e-02   1.9608882e-02   1.7302547e-02   1.6201575e-02   1.6139417e-02   1.6322378e-02   1.6415029e-02   1.6430671e-02   1.6424509e-02
  -2.6081912e-02  -1.6687001e-02   6.0352399e-03   1.2450046e-02   2.3809812e-02   1.6130478e-02   9.8536514e-03   7.8363853e-03   1.1507856e-02   1.5439168e-02   1.3021908e-02   1.0574528e-02   9.6040813e-03   9.6156124e-03   9.7928877e-03   9.8650670e-03   9.8708618e-03   9.8628278e-03
  -2.6448561e-02  -2.1666437e-02  -6.4819268e-04   7.4719298e-03   1.8740939e-02   8.3760174e-03   1.9845514e-03   6.0314631e-04   5.4162102e-03   9.2965552e-03   5.4224225e-03   2.9040920e-03   2.0639774e-03   2.1371970e-03   2.3064621e-03   2.3598534e-03   2.3570802e-03   2.3475743e-03
  -2.4450850e-02  -2.5170729e-02  -8.2433039e-03   1.1078109e-03   1.2162871e-02  -2.4675399e-04  -6.5949291e-03  -7.4555379e-03  -1.8210221e-03   1.9823083e-03  -3.0094235e-03  -5.5368935e-03  -6.2535250e-03  -6.1317588e-03  -5.9722112e-03  -5.9353100e-03  -5.9451357e-03  -5.9556929e-03
  -2.0520124e-02  -2.7127002e-02  -1.6461853e-02  -6.3221435e-03   4.4509911e-03  -9.4078947e-03  -1.5582819e-02  -1.6047172e-02  -9.8877938e-03  -6.1837698e-03  -1.1965928e-02  -1.4453223e-02  -1.5057520e-02  -1.4899950e-02  -1.4751456e-02  -1.4728633e-02  -1.4743976e-02  -1.4755178e-02
  -1.5363015e-02  -2.7695399e-02  -2.4853638e-02  -1.4293982e-02  -3.8302516e-03  -1.8630349e-02  -2.4542515e-02  -2.4728275e-02  -1.8289461e-02  -1.4703533e-02  -2.0993903e-02  -2.3407407e-02  -2.3912720e-02  -2.3730528e-02  -2.3594253e-02  -2.3583367e-02  -2.3602838e-02  -2.3614319e-02
  -9.8352625e-03  -2.7242731e-02  -3.2820870e-02  -2.2109694e-02  -1.1949534e-02  -2.7296938e-02  -3.2906908e-02  -3.2913234e-02  -2.6373074e-02  -2.2919425e-02  -2.9500525e-02  -3.1823704e-02  -3.2244290e-02  -3.2046486e-02  -3.1923474e-02  -3.1922831e-02  -3.1945273e-02  -3.1956723e-02
  -4.7995593e-03  -2.6262218e-02  -3.9670297e-02  -2.8967406e-02  -1.9073694e-02  -3.4696617e-02  -4.0018597e-02  -3.9921166e-02  -3.3386466e-02  -3.0072316e-02  -3.6796521e-02  -3.9029577e-02  -3.9380410e-02  -3.9173769e-02  -3.9064766e-02  -3.9073054e-02  -3.9097548e-02  -3.9108727e-02
  -1.0013572e-03  -2.5262187e-02  -4.4707935e-02  -3.4073787e-02  -2.4379577e-02  -4.0116848e-02  -4.5214908e-02  -4.5067140e-02  -3.8580490e-02  -3.5402978e-02  -4.2184754e-02  -4.4342880e-02  -4.4640306e-02  -4.4429704e-02  -4.4334782e-02  -4.4350814e-02  -4.4376633e-02  -4.4387378e-02
   1.0204454e-03  -2.4653935e-02  -4.7364790e-02  -3.6784711e-02  -2.7198310e-02  -4.2971407e-02  -4.7948276e-02  -4.7786690e-02  -4.1342314e-02  -3.8285835e-02  -4.5084873e-02  -4.7195178e-02  -4.7457691e-02  -4.7246654e-02  -4.7164782e-02  -4.7187166e-02  -4.7213693e-02  -4.7223922e-02
   9.8683253e-04  -2.4664480e-02  -4.7320502e-02  -3.6739719e-02  -2.7155078e-02  -4.2929024e-02  -4.7908494e-02  -4.7760036e-02  -4.1325858e-02  -3.8361370e-02  -4.5160693e-02  -4.7257710e-02  -4.7506131e-02  -4.7297436e-02  -4.7226228e-02  -4.7253100e-02  -4.7279751e-02  -4.7289464e-02
  -1.0975995e-03  -2.5289992e-02  -4.4580524e-02  -3.3944904e-02  -2.4255787e-02  -3.9994723e-02  -4.5100233e-02  -4.4990404e-02  -3.8533439e-02  -3.5620649e-02  -4.2402948e-02  -4.4522966e-02  -4.4779805e-02  -4.4576097e-02  -4.4511874e-02  -4.4540781e-02  -4.4566945e-02  -4.4576206e-02
  -4.9450109e-03  -2.6296566e-02  -3.9474773e-02  -2.8771460e-02  -1.8885658e-02  -3.4508544e-02  -3.9841836e-02  -3.9803222e-02  -3.3315119e-02  -3.0407143e-02  -3.7131636e-02  -3.9306622e-02  -3.9594995e-02  -3.9399440e-02  -3.9337631e-02  -3.9365566e-02  -3.9390547e-02  -3.9399447e-02
  -1.0008889e-02  -2.7268249e-02  -3.2578310e-02  -2.1870507e-02  -1.1720327e-02  -2.7062226e-02  -3.2685927e-02  -3.2766551e-02  -2.6286027e-02  -2.3335035e-02  -2.9916890e-02  -3.2168973e-02  -3.2511658e-02  -3.2328639e-02  -3.2264359e-02  -3.2287863e-02  -3.2310822e-02  -3.2319441e-02
  -1.5538443e-02  -2.7695382e-02  -2.4586946e-02  -1.4037729e-02  -3.5852408e-03  -1.8369936e-02  -2.4296578e-02  -2.4566442e-02  -1.8195556e-02  -1.5157876e-02  -2.1452754e-02  -2.3789930e-02  -2.4208808e-02  -2.4044588e-02  -2.3973216e-02  -2.3988500e-02  -2.4008395e-02  -2.4016757e-02
  -2.0669119e-02  -2.7087161e-02  -1.6192116e-02  -6.0731855e-03   4.6880886e-03  -9.1411015e-03  -1.5329577e-02  -1.5882806e-02  -9.7943347e-03  -6.6341982e-03  -1.2431327e-02  -1.4844698e-02  -1.5360325e-02  -1.5223488e-02  -1.5141129e-02  -1.5144187e-02  -1.5159735e-02  -1.5167774e-02
  -2.4547727e-02  -2.5082410e-02  -7.9874460e-03   1.3298436e-03   1.2372637e-02   1.0678134e-05  -6.3486526e-03  -7.2989832e-03  -1.7326481e-03   1.5754108e-03  -3.4518465e-03  -5.9146071e-03  -6.5453912e-03  -6.4468287e-03  -6.3506536e-03  -6.3374229e-03  -6.3471178e-03  -6.3546661e-03
  -2.6474690e-02  -2.1528381e-02  -4.1797944e-04   7.6536780e-03   1.8909512e-02   8.6126165e-03   2.2135310e-03   7.4433168e-04   5.4979410e-03   8.9675627e-03   5.0247546e-03   2.5562896e-03   1.7955814e-03   1.8432841e-03   1.9548100e-03   1.9881769e-03   1.9859745e-03   1.9791816e-03
  -2.6029025e-02  -1.6505193e-02   6.2331601e-03   1.2584784e-02   2.3929055e-02   1.6338788e-02   1.0058693e-02   7.9573601e-03   1.1584276e-02   1.5215976e-02   1.2683263e-02   1.0266604e-02   9.3668530e-03   9.3506408e-03   9.4776032e-03   9.5343612e-03   9.5412547e-03   9.5355498e-03
  -2.3136750e-02  -1.0292756e-02   1.1831978e-02   1.6010554e-02   2.7242352e-02   2.2990272e-02   1.7005091e-02   1.4184790e-02   1.6383244e-02   2.0162489e-02   1.9337130e-02   1.7039379e-02   1.5999247e-02   1.5907231e-02   1.6048200e-02   1.6130559e-02   1.6147894e-02   1.6143634e-02
  -1.8059315e-02  -3.2980699e-03   1.6365629e-02   1.7994040e-02   2.8817551e-02   2.8461960e-02   2.2960059e-02   1.9376993e-02   1.9895905e-02   2.3789598e-02   2.4898877e-02   2.2792959e-02   2.1620911e-02   2.1444124e-02   2.1596141e-02   2.1704804e-02   2.1733434e-02   2.1730951e-02
  -1.1309581e-02   4.0283068e-03   1.9908107e-02   1.8735829e-02   2.8752233e-02   3.2707137e-02   2.7889729e-02   2.3558325e-02   2.2232845e-02   2.6183618e-02   2.9346737e-02   2.7509582e-02   2.6225913e-02   2.5959877e-02   2.6118425e-02   2.6252173e-02   2.6292244e-02   2.6291802e-02
  -3.5299222e-03   1.1261586e-02   2.2586338e-02   1.8530365e-02   2.7247266e-02   3.5709049e-02   3.1790070e-02   2.6798755e-02   2.3577364e-02   2.7496074e-02   3.2694254e-02   3.1207042e-02   2.9846056e-02   2.9491924e-02   2.9650818e-02   2.9806162e-02   2.9856963e-02   2.9858732e-02
   4.6258403e-03   1.8045628e-02   2.4550819e-02   1.7720794e-02   2.4581316e-02   3.7464585e-02   3.4662862e-02   2.9191699e-02   2.4150331e-02   2.7908479e-02   3.4967730e-02   3.3916563e-02   3.2528543e-02   3.2093681e-02   3.2244875e-02   3.2415853e-02   3.2475736e-02   3.2479787e-02
   1.2577976e-02   2.4109657e-02   2.5951896e-02   1.6653461e-02   2.1081931e-02   3.7978919e-02   3.6499811e-02   3.0837695e-02   2.4177851e-02   2.7602484e-02   3.6193404e-02   3.5668143e-02   3.4320082e-02   3.3817970e-02   3.3951439e-02   3.4129626e-02   3.4196034e-02   3.4202347e-02
   1.9865431e-02   2.9265905e-02   2.6920501e-02   1.5632755e-02   1.7090216e-02   3.7264887e-02   3.7276391e-02   3.1831562e-02   2.3861609e-02   2.6735045e-02   3.6392526e-02   3.6482741e-02   3.5256611e-02   3.4706031e-02   3.4809909e-02   3.4984749e-02   3.5054357e-02   3.5062842e-02
   2.6155982e-02   3.3396593e-02   2.7551945e-02   1.4879411e-02   1.2920264e-02   3.5340622e-02   3.6954275e-02   3.2251002e-02   2.3352659e-02   2.5418065e-02   3.5580028e-02   3.6369265e-02   3.5357363e-02   3.4780902e-02   3.4842005e-02   3.5001489e-02   3.5070453e-02   3.5080975e-02
   3.1234165e-02   3.6437099e-02   2.7893003e-02   1.4498368e-02   8.8185489e-03   3.2224069e-02   3.5489242e-02   3.2146675e-02   2.2731280e-02   2.3703453e-02   3.3762967e-02   3.5323922e-02   3.4622175e-02   3.4044233e-02   3.4048892e-02   3.4180486e-02   3.4244769e-02   3.4257172e-02
   3.4978393e-02   3.8359751e-02   2.7934331e-02   1.4462932e-02   4.9307649e-03   2.7929163e-02   3.2841782e-02   3.1535677e-02   2.1996361e-02   2.1576088e-02   3.0938069e-02   3.3330417e-02   3.3031426e-02   3.2476057e-02   3.2411044e-02   3.2502683e-02   3.2558402e-02   3.2572532e-02
   3.7335560e-02   3.9160243e-02   2.7610534e-02   1.4619170e-02   1.2836933e-03   2.2471123e-02   2.8990015e-02   3.0400394e-02   2.1066522e-02   1.8957391e-02   2.7091334e-02   3.0361302e-02   3.0548546e-02   3.0037496e-02   2.9890832e-02   2.9931793e-02   2.9975525e-02   2.9991255e-02
   3.8298027e-02   3.8846777e-02   2.6808455e-02   1.4709510e-02  -2.2117699e-03   1.5885332e-02   2.3946830e-02   2.8692911e-02   1.9792663e-02   1.5721118e-02   2.2204179e-02   2.6382394e-02   2.7125585e-02   2.6676780e-02   2.6438396e-02   2.6419985e-02   2.6449007e-02   2.6466259e-02
   3.7885153e-02   3.7431318e-02   2.5381931e-02   1.4410430e-02  -5.7332767e-03   8.2583715e-03   1.7783182e-02   2.6343012e-02   1.7979579e-02   1.1721108e-02   1.6269210e-02   2.1362870e-02   2.2712885e-02   2.2339429e-02   2.2001901e-02   2.1918039e-02   2.1930497e-02   2.1949235e-02
   3.6129782e-02   3.4923048e-02   2.3170112e-02   1.3377986e-02  -9.4967217e-03  -2.3519668e-04   1.0656603e-02   2.3267357e-02   1.5413967e-02   6.8288108e-03   9.3155431e-03   1.5292855e-02   1.7274199e-02   1.6983789e-02   1.6543457e-02   1.6391298e-02   1.6386338e-02   1.6406545e-02
   3.3069793e-02   3.1325409e-02   2.0017432e-02   1.1296546e-02  -1.3689779e-02  -9.2988013e-03   2.8396793e-03   1.9379053e-02   1.1897301e-02   9.7659930e-04   1.4404739e-03   8.2084890e-03   1.0808194e-02   1.0602788e-02   1.0061466e-02   9.8421903e-03   9.8200633e-03   9.8416738e-03
   2.8745440e-02   2.6638981e-02   1.5795552e-02   7.9282068e-03  -1.8401274e-02  -1.8491938e-02  -5.2607311e-03   1.4599331e-02   7.2828362e-03  -5.7985956e-03  -7.1574464e-03   2.2238045e-04   3.3759887e-03   3.2516225e-03   2.6188350e-03   2.3385915e-03   2.3007634e-03   2.3235752e-03
   2.3203945e-02   2.0872029e-02   1.0428928e-02   3.1606931e-03  -2.3561717e-02  -2.7231714e-02  -1.3105548e-02   8.8743629e-03   1.5153585e-03  -1.3317960e-02  -1.6150318e-02  -8.4447349e-03  -4.8676428e-03  -4.9209260e-03  -5.6255212e-03  -5.9546471e-03  -6.0054092e-03  -5.9818364e-03
   1.6512654e-02   1.4059132e-02   3.9247598e-03  -2.9504455e-03  -2.8910672e-02  -3.4831267e-02  -2.0059456e-02   2.1992203e-03  -5.3300349e-03  -2.1237461e-02  -2.5066687e-02  -1.7437777e-02  -1.3644391e-02  -1.3642434e-02  -1.4387055e-02  -1.4746317e-02  -1.4805899e-02  -1.4782328e-02
   8.7807728e-03   6.2866695e-03  -3.5947267e-03  -1.0152061e-02  -3.4003812e-02  -4.0584481e-02  -2.5469154e-02  -5.3518760e-03  -1.3016364e-02  -2.9047639e-02  -3.3303785e-02  -2.6256823e-02  -2.2532262e-02  -2.2496308e-02  -2.3236376e-02  -2.3600313e-02  -2.3663316e-02  -2.3640871e-02
   1.8778853e-04  -2.2774517e-03  -1.1863103e-02  -1.7984503e-02  -3.8266463e-02  -4.3890506e-02  -2.8779142e-02  -1.3593249e-02  -2.1128759e-02  -3.6106886e-02  -4.0179661e-02  -3.4276184e-02  -3.0967554e-02  -3.0922965e-02  -3.1602904e-02  -3.1940537e-02  -3.2000561e-02  -3.1980681e-02
  -8.9857247e-03  -1.1354018e-02  -2.0452171e-02  -2.5802710e-02  -4.1090655e-02  -4.4387317e-02  -2.9660042e-02  -2.2200701e-02  -2.9084020e-02  -4.1716114e-02  -4.5030282e-02  -4.0806033e-02  -3.8283260e-02  -3.8256916e-02  -3.8815501e-02  -3.9093373e-02  -3.9143628e-02  -3.9127915e-02
  -1.8332354e-02  -2.0529776e-02  -2.8777218e-02  -3.2835831e-02  -4.1958811e-02  -4.2046772e-02  -2.8107755e-02  -3.0699993e-02  -3.6176315e-02  -4.5231879e-02  -4.7336782e-02  -4.5198302e-02  -4.3792816e-02  -4.3808951e-02  -4.4188411e-02  -4.4375557e-02  -4.4409841e-02  -4.4399794e-02
  -2.7308915e-02  -2.9253393e-02  -3.6137652e-02  -3.8288910e-02  -4.0562474e-02  -3.7191501e-02  -2.4473417e-02  -3.8483812e-02  -4.1665430e-02  -4.6195702e-02  -4.6845007e-02  -4.6976734e-02  -4.6911335e-02  -4.6986419e-02  -4.7143658e-02  -4.7217601e-02  -4.7231467e-02  -4.7228169e-02
  -3.5259699e-02  -3.6865305e-02  -4.1801415e-02  -4.1476658e-02  -3.6877937e-02  -3.0426400e-02  -1.9408444e-02  -4.4869325e-02  -4.4900759e-02  -4.4439343e-02  -4.3630970e-02  -4.5949418e-02  -4.7283004e-02  -4.7421228e-02  -4.7337642e-02  -4.7289503e-02  -4.7281252e-02  -4.7285106e-02
  -4.1484860e-02  -4.2673160e-02  -4.5127292e-02  -4.1959041e-02  -3.1171388e-02  -2.2513713e-02  -1.3742508e-02  -4.9199007e-02  -4.5453339e-02  -4.0124986e-02  -3.8083662e-02  -4.2258787e-02  -4.4868421e-02  -4.5059603e-02  -4.4745568e-02  -4.4582213e-02  -4.4553286e-02  -4.4563911e-02
  -4.5352834e-02  -4.6068968e-02  -4.5696949e-02  -3.9634271e-02  -2.3933126e-02  -1.4237172e-02  -8.3342085e-03  -5.0967745e-02  -4.3212211e-02  -3.3702809e-02  -3.0812878e-02  -3.6347180e-02  -3.9954875e-02  -4.0175664e-02  -3.9667680e-02  -3.9409919e-02  -3.9364528e-02  -3.9380855e-02
  -4.6431595e-02  -4.6659498e-02  -4.3411562e-02  -3.4752333e-02  -1.5768708e-02  -6.2916855e-03  -3.9342597e-03  -4.9937780e-02  -3.8406206e-02  -2.5804076e-02  -2.2520460e-02  -2.8853356e-02  -3.3085034e-02  -3.3302739e-02  -3.2654489e-02  -3.2332136e-02  -3.2276286e-02  -3.2296815e-02
  -4.4593144e-02  -4.4363219e-02  -3.8513074e-02  -2.7843359e-02  -7.2870244e-03   7.8597466e-04  -1.0854168e-03  -4.6196595e-02  -3.1541486e-02  -1.7112394e-02  -1.3880033e-02  -2.0481992e-02  -2.4934980e-02  -2.5112295e-02  -2.4383314e-02  -2.4029142e-02  -2.3969449e-02  -2.3992562e-02
  -4.0047295e-02  -3.9432499e-02  -3.1520516e-02  -1.9591346e-02   9.8366568e-04   6.6470684e-03  -6.5330097e-05  -4.0132231e-02  -2.3281756e-02  -8.2550857e-03  -5.4543011e-03  -1.1889334e-02  -1.6187890e-02  -1.6287016e-02  -1.5532822e-02  -1.5177406e-02  -1.5120097e-02  -1.5144327e-02
  -3.3289648e-02  -3.2391278e-02  -2.3109227e-02  -1.0700977e-02   8.6403891e-03   1.1130218e-02  -8.6714386e-04  -3.2337056e-02  -1.4317797e-02   2.6306919e-04   2.3434808e-03  -3.6093522e-03  -7.4394050e-03  -7.4250819e-03  -6.6909375e-03  -6.3594324e-03  -6.3097209e-03  -6.3339049e-03
  -2.4987394e-02  -2.3916263e-02  -1.3980321e-02  -1.7959171e-03   1.5415819e-02   1.4239952e-02  -3.2100600e-03  -2.3480752e-02  -5.2659015e-03   8.0833106e-03   9.2524211e-03   3.9769878e-03   8.5213894e-04   1.0103097e-03   1.6917846e-03   1.9809315e-03   2.0191272e-03   1.9957950e-03
  -1.5849258e-02  -1.4708773e-02  -4.7598232e-03   6.6365074e-03   2.1165965e-02   1.6113369e-02  -6.5758954e-03  -1.4197797e-02   3.3881393e-03   1.4985457e-02   1.5144543e-02   1.0639502e-02   8.3763018e-03   8.7016432e-03   9.3099771e-03   9.5449469e-03   9.5690446e-03   9.5470463e-03
  -6.5208594e-03  -5.3960157e-03   4.0565695e-03   1.4259262e-02   2.5846048e-02   1.6982337e-02  -1.0273109e-02  -5.0163520e-03   1.1303703e-02   2.0863370e-02   1.9994716e-02   1.6276577e-02   1.4955367e-02   1.5461773e-02   1.5986492e-02   1.6161259e-02   1.6169932e-02   1.6149506e-02
   2.4755933e-03   3.5226713e-03   1.2117658e-02   2.0871460e-02   2.9482366e-02   1.7135912e-02  -1.3530972e-02   3.6686209e-03   1.8272084e-02   2.5694085e-02   2.3848466e-02   2.0883650e-02   2.0516102e-02   2.1205748e-02   2.1643600e-02   2.1756820e-02   2.1749867e-02   2.1731101e-02
   1.0759358e-02   1.1688912e-02   1.9202908e-02   2.6378935e-02   3.2145201e-02   1.6884161e-02  -1.5619412e-02   1.1590039e-02   2.4188337e-02   2.9507615e-02   2.6792861e-02   2.4519879e-02   2.5057552e-02   2.5919129e-02   2.6271443e-02   2.6325367e-02   2.6303574e-02   2.6286498e-02
   1.8078944e-02   1.8870237e-02   2.5193101e-02   3.0759489e-02   3.3925650e-02   1.6522477e-02  -1.5976081e-02   1.8585624e-02   2.9017713e-02   3.2361402e-02   2.8932537e-02   2.7277653e-02   2.8620687e-02   2.9628645e-02   2.9899308e-02   2.9898906e-02   2.9863919e-02   2.9848562e-02
   2.4282584e-02   2.4929427e-02   3.0035216e-02   3.4030479e-02   3.4917244e-02   1.6296288e-02  -1.4309836e-02   2.4567353e-02   3.2763695e-02   3.4320848e-02   3.0370443e-02   2.9257196e-02   3.1263278e-02   3.2378461e-02   3.2572693e-02   3.2525010e-02   3.2479204e-02   3.2465630e-02
   2.9282801e-02   2.9789095e-02   3.3709878e-02   3.6224276e-02   3.5201855e-02   1.6368987e-02  -1.0649927e-02   2.9489648e-02   3.5443030e-02   3.5445532e-02   3.1192080e-02   3.0546737e-02   3.3041383e-02   3.4213261e-02   3.4337048e-02   3.4250698e-02   3.4197027e-02   3.4185338e-02
   3.3025204e-02   3.3401176e-02   3.6208325e-02   3.7373802e-02   3.4839139e-02   1.6798585e-02  -5.3270794e-03   3.3321226e-02   3.7070852e-02   3.5779865e-02   3.1452842e-02   3.1207928e-02   3.3997240e-02   3.5167712e-02   3.5227562e-02   3.5112195e-02   3.5053991e-02   3.5044315e-02
   3.5469091e-02   3.5728538e-02   3.7522217e-02   3.7506442e-02   3.3859443e-02   1.7528599e-02   1.1019440e-03   3.6025549e-02   3.7655414e-02   3.5347216e-02   3.1169512e-02   3.1266411e-02   3.4152418e-02   3.5260828e-02   3.5263553e-02   3.5129185e-02   3.5069904e-02   3.5062372e-02
   3.6581871e-02   3.6740410e-02   3.7643939e-02   3.6642064e-02   3.2260736e-02   1.8395693e-02   7.9564001e-03   3.7553330e-02   3.7198573e-02   3.4147210e-02   3.0317521e-02   3.0707799e-02   3.3504912e-02   3.4493636e-02   3.4446031e-02   3.4302280e-02   3.4245207e-02   3.4239936e-02
   3.6342611e-02   3.6416623e-02   3.6570689e-02   3.4791282e-02   3.0010013e-02   1.9152124e-02   1.4529690e-02   3.7846597e-02   3.5697227e-02   3.2156306e-02   2.8834579e-02   2.9479315e-02   3.2029302e-02   3.2849057e-02   3.2757590e-02   3.2612948e-02   3.2560924e-02   3.2557991e-02
   3.4746503e-02   3.4752430e-02   3.4305980e-02   3.1953169e-02   2.7049032e-02   1.9497633e-02   2.0166445e-02   3.6849349e-02   3.3143156e-02   2.9331734e-02   2.6629800e-02   2.7496862e-02   2.9679781e-02   3.0293912e-02   3.0164587e-02   3.0025900e-02   2.9981113e-02   2.9980540e-02
   3.1804853e-02   3.1758573e-02   3.0857258e-02   2.8115034e-02   2.3303928e-02   1.9114979e-02   2.4316743e-02   3.4518495e-02   2.9522724e-02   2.5618894e-02   2.3596805e-02   2.4657045e-02   2.6396743e-02   2.6783922e-02   2.6622399e-02   2.6494640e-02   2.6458511e-02   2.6460241e-02
   2.7542214e-02   2.7458453e-02   2.6234387e-02   2.3258300e-02   1.8698712e-02   1.7705737e-02   2.6572890e-02   3.0832050e-02   2.4820801e-02   2.0962711e-02   1.9630155e-02   2.0854049e-02   2.2118175e-02   2.2273283e-02   2.2085137e-02   2.1971443e-02   2.1944611e-02   2.1948497e-02
   2.1998064e-02   2.1889929e-02   2.0456190e-02   1.7373245e-02   1.3173409e-02   1.5026249e-02   2.6693302e-02   2.5797159e-02   1.9033135e-02   1.5323997e-02   1.4645849e-02   1.6001742e-02   1.6797181e-02   1.6730330e-02   1.6521273e-02   1.6423158e-02   1.6405545e-02   1.6411351e-02
   1.5240370e-02   1.5119058e-02   1.3569388e-02   1.0482547e-02   6.7077266e-03   1.0924910e-02   2.4615013e-02   1.9463916e-02   1.2188502e-02   8.7017485e-03   8.6070379e-03   1.0061260e-02   1.0426127e-02   1.0160010e-02   9.9359251e-03   9.8535798e-03   9.8445248e-03   9.8519393e-03
   7.3927079e-03   7.2673714e-03   5.6785782e-03   2.6710074e-03  -6.5001289e-04   5.3801539e-03   2.0456419e-02   1.1949134e-02   4.3784509e-03   1.1612116e-03   1.5547146e-03   3.0729593e-03   3.0663206e-03   2.6323092e-03   2.3990780e-03   2.3317220e-03   2.3301576e-03   2.3388219e-03
  -1.3304140e-03  -1.4527214e-03  -3.0188262e-03  -5.8826021e-03  -8.7511844e-03  -1.4650805e-03   1.4514071e-02   3.4683972e-03  -4.2100632e-03  -7.1347327e-03  -6.3595776e-03  -4.8105086e-03  -5.1198690e-03  -5.6862155e-03  -5.9229668e-03  -5.9767126e-03  -5.9720629e-03  -5.9625217e-03
  -1.0589904e-02  -1.0704261e-02  -1.2201026e-02  -1.4876783e-02  -1.7317865e-02  -9.2798303e-03   7.2571725e-03  -5.6316465e-03  -1.3265314e-02  -1.5896231e-02  -1.4845075e-02  -1.3295782e-02  -1.3839900e-02  -1.4503075e-02  -1.4738198e-02  -1.4779948e-02  -1.4770382e-02  -1.4760320e-02
  -1.9901916e-02  -2.0005533e-02  -2.1403204e-02  -2.3869474e-02  -2.5925540e-02  -1.7541579e-02  -6.8235470e-04  -1.4853240e-02  -2.2333101e-02  -2.4688301e-02  -2.3456341e-02  -2.1933675e-02  -2.2653468e-02  -2.3381271e-02  -2.3610248e-02  -2.3641563e-02  -2.3628257e-02  -2.3617992e-02
  -2.8644170e-02  -2.8736311e-02  -3.0023680e-02  -3.2283137e-02  -3.4010110e-02  -2.5562666e-02  -8.5355548e-03  -2.3554597e-02  -3.0822701e-02  -3.2936830e-02  -3.1603179e-02  -3.0129095e-02  -3.0978619e-02  -3.1744050e-02  -3.1963130e-02  -3.1985378e-02  -3.1969312e-02  -3.1959107e-02
  -3.6101838e-02  -3.6183622e-02  -3.7368143e-02  -3.9447058e-02  -4.0912620e-02  -3.2555940e-02  -1.5454732e-02  -3.0998387e-02  -3.8050520e-02  -3.9972769e-02  -3.8598651e-02  -3.7188745e-02  -3.8135285e-02  -3.8917146e-02  -3.9123572e-02  -3.9137961e-02  -3.9119915e-02  -3.9109971e-02
  -4.1559787e-02  -4.1633855e-02  -4.2739589e-02  -4.4685119e-02  -4.5968300e-02  -3.7742718e-02  -2.0615314e-02  -3.6448161e-02  -4.3329473e-02  -4.5121633e-02  -4.3751311e-02  -4.2413118e-02  -4.3433877e-02  -4.4216478e-02  -4.4408816e-02  -4.4416576e-02  -4.4397179e-02  -4.4387630e-02
  -4.4430354e-02  -4.4500429e-02  -4.5563875e-02  -4.7439035e-02  -4.8628823e-02  -4.0490129e-02  -2.3352024e-02  -3.9300722e-02  -4.6093882e-02  -4.7827287e-02  -4.6490581e-02  -4.5222282e-02  -4.6299226e-02  -4.7071590e-02  -4.7250057e-02  -4.7252657e-02  -4.7232460e-02  -4.7223367e-02
  -4.4381957e-02  -4.4452307e-02  -4.5516576e-02  -4.7392970e-02  -4.8584350e-02  -4.0443709e-02  -2.3293920e-02  -3.9218216e-02  -4.6025384e-02  -4.7775926e-02  -4.6491801e-02  -4.5282313e-02  -4.6396821e-02  -4.7151555e-02  -4.7318144e-02  -4.7317452e-02  -4.7296998e-02  -4.7288349e-02
  -4.1420320e-02  -4.1495178e-02  -4.2603257e-02  -4.4552335e-02  -4.5840185e-02  -3.7609531e-02  -2.0448912e-02  -3.6210696e-02  -4.3132146e-02  -4.4973949e-02  -4.3755439e-02  -4.2586528e-02  -4.3714948e-02  -4.4446704e-02  -4.4604936e-02  -4.4603246e-02  -4.4583118e-02  -4.4574853e-02
  -3.5887017e-02  -3.5970010e-02  -3.7158041e-02  -3.9242393e-02  -4.0715415e-02  -3.2352758e-02  -1.5201888e-02  -3.0633573e-02  -3.7746758e-02  -3.9746329e-02  -3.8607086e-02  -3.7457294e-02  -3.8567668e-02  -3.9271092e-02  -3.9425382e-02  -3.9425343e-02  -3.9406208e-02  -3.9398241e-02
  -2.8376004e-02  -2.8469635e-02  -2.9761147e-02  -3.2027294e-02  -3.3764149e-02  -2.5313235e-02  -8.2272600e-03  -2.3101091e-02  -3.0443775e-02  -3.2656192e-02  -3.1618246e-02  -3.0467647e-02  -3.1517315e-02  -3.2184598e-02  -3.2339409e-02  -3.2343904e-02  -3.2326552e-02  -3.2318810e-02
  -1.9604290e-02  -1.9709518e-02  -2.1111327e-02  -2.3584783e-02  -2.5652763e-02  -1.7272036e-02  -3.5295324e-04  -1.4352944e-02  -2.1912784e-02  -2.4380008e-02  -2.3481291e-02  -2.2315828e-02  -2.3249793e-02  -2.3868261e-02  -2.4027264e-02  -2.4039304e-02  -2.4024691e-02  -2.4017156e-02
  -1.0284893e-02  -1.0400824e-02  -1.1901061e-02  -1.4583692e-02  -1.7038303e-02  -9.0146385e-03   7.5748846e-03  -5.1231871e-03  -1.2834601e-02  -1.5584608e-02  -1.4884061e-02  -1.3698619e-02  -1.4449182e-02  -1.4999602e-02  -1.5165032e-02  -1.5187662e-02  -1.5176937e-02  -1.5169668e-02
  -1.0360661e-03  -1.1597662e-03  -2.7280580e-03  -5.5976115e-03  -8.4808279e-03  -1.2242387e-03   1.4791953e-02   3.9536201e-03  -3.7940315e-03  -6.8393273e-03  -6.4175145e-03  -5.2174150e-03  -5.7061411e-03  -6.1624274e-03  -6.3347001e-03  -6.3708747e-03  -6.3653579e-03  -6.3585097e-03
   7.6631394e-03   7.5367159e-03   5.9475603e-03   2.9360185e-03  -4.0005830e-04   5.5825424e-03   2.0672444e-02   1.2388305e-02   4.7616965e-03   1.4265722e-03   1.4724971e-03   2.6715164e-03   2.5286236e-03   2.1978807e-03   2.0202690e-03   1.9678933e-03   1.9667870e-03   1.9729759e-03
