  -4.0666013e-02  -4.1603697e-02  -4.2416602e-02  -4.3050868e-02  -4.3494583e-02  -4.3789851e-02  -4.3998524e-02  -4.4163760e-02  -4.4305288e-02  -4.4427571e-02  -4.4527189e-02  -4.4602611e-02  -4.4659026e-02  -4.4698942e-02  -4.4733028e-02  -4.4765143e-02  -4.4795625e-02  -4.4826270e-02  -4.4857213e-02  -4.4891432e-02  -4.4929398e-02  -4.4975690e-02  -4.5051816e-02  -4.5158837e-02  -4.5285611e-02  -4.5535161e-02  -4.6207093e-02  -4.6984416e-02  -4.7674746e-02  -4.8196154e-02  -4.8314650e-02  -4.7539060e-02
  -3.8466255e-02  -3.9411818e-02  -4.0234367e-02  -4.0877827e-02  -4.1328930e-02  -4.1629585e-02  -4.1842285e-02  -4.2010861e-02  -4.2155392e-02  -4.2280391e-02  -4.2382324e-02  -4.2459572e-02  -4.2517395e-02  -4.2558327e-02  -4.2593280e-02  -4.2626216e-02  -4.2657533e-02  -4.2688996e-02  -4.2720728e-02  -4.2755842e-02  -4.2794800e-02  -4.2842264e-02  -4.2920160e-02  -4.3029496e-02  -4.3158758e-02  -4.3413323e-02  -4.4102139e-02  -4.4899093e-02  -4.5608697e-02  -4.6149612e-02  -4.6286773e-02  -4.5504027e-02
  -3.3492094e-02  -3.4456961e-02  -3.5300879e-02  -3.5964376e-02  -3.6431629e-02  -3.6744115e-02  -3.6965676e-02  -3.7141603e-02  -3.7292738e-02  -3.7423717e-02  -3.7530744e-02  -3.7612008e-02  -3.7672924e-02  -3.7716083e-02  -3.7752943e-02  -3.7787688e-02  -3.7820856e-02  -3.7854134e-02  -3.7887613e-02  -3.7924712e-02  -3.7965867e-02  -3.8015921e-02  -3.8097700e-02  -3.8212075e-02  -3.8346726e-02  -3.8612226e-02  -3.9338700e-02  -4.0179689e-02  -4.0932902e-02  -4.1518390e-02  -4.1698210e-02  -4.0899487e-02
  -2.6303101e-02  -2.7294249e-02  -2.8166677e-02  -2.8856974e-02  -2.9346015e-02  -2.9674568e-02  -2.9908181e-02  -3.0094101e-02  -3.0254220e-02  -3.0393346e-02  -3.0507323e-02  -3.0594076e-02  -3.0659224e-02  -3.0705430e-02  -3.0744907e-02  -3.0782139e-02  -3.0817883e-02  -3.0853681e-02  -3.0889578e-02  -3.0929434e-02  -3.0973641e-02  -3.1027283e-02  -3.1114360e-02  -3.1235499e-02  -3.1377271e-02  -3.1657413e-02  -3.2436769e-02  -3.3340464e-02  -3.4156899e-02  -3.4808360e-02  -3.5053533e-02  -3.4235037e-02
  -1.7630115e-02  -1.8648065e-02  -1.9550033e-02  -2.0268654e-02  -2.0781131e-02  -2.1127134e-02  -2.1373835e-02  -2.1570575e-02  -2.1740415e-02  -2.1888365e-02  -2.2009880e-02  -2.2102594e-02  -2.2172340e-02  -2.2221851e-02  -2.2264169e-02  -2.2304108e-02  -2.2342716e-02  -2.2381302e-02  -2.2419846e-02  -2.2462746e-02  -2.2510324e-02  -2.2567900e-02  -2.2660635e-02  -2.2788784e-02  -2.2937700e-02  -2.3232936e-02  -2.4072370e-02  -2.5049427e-02  -2.5942165e-02  -2.6676140e-02  -2.7008258e-02  -2.6173562e-02
  -8.2391871e-03  -9.2761222e-03  -1.0201524e-02  -1.0944251e-02  -1.1477545e-02  -1.1839318e-02  -1.2097814e-02  -1.2304223e-02  -1.2482710e-02  -1.2638497e-02  -1.2766693e-02  -1.2864681e-02  -1.2938485e-02  -1.2990877e-02  -1.3035666e-02  -1.3077965e-02  -1.3119171e-02  -1.3160253e-02  -1.3201105e-02  -1.3246703e-02  -1.3297270e-02  -1.3358279e-02  -1.3455674e-02  -1.3589245e-02  -1.3743253e-02  -1.4050088e-02  -1.4947241e-02  -1.5999077e-02  -1.6973593e-02  -1.7801083e-02  -1.8241076e-02  -1.7402671e-02
   1.1720839e-03   1.3452450e-04  -7.9976490e-04  -1.5560273e-03  -2.1029826e-03  -2.4756668e-03  -2.7422823e-03  -2.9552093e-03  -3.1394427e-03  -3.3003810e-03  -3.4329155e-03  -3.5342847e-03  -3.6106373e-03  -3.6647513e-03  -3.7109811e-03  -3.7546576e-03  -3.7975683e-03  -3.8402113e-03  -3.8823646e-03  -3.9295757e-03  -3.9819318e-03  -4.0448844e-03  -4.1443896e-03  -4.2797567e-03  -4.4345788e-03  -4.7453134e-03  -5.6879602e-03  -6.8066525e-03  -7.8603564e-03  -8.7862868e-03  -9.3542857e-03  -8.5340739e-03
   1.0030113e-02   9.0230331e-03   8.1046808e-03   7.3531089e-03   6.8049776e-03   6.4298588e-03   6.1613803e-03   5.9471725e-03   5.7619569e-03   5.6002536e-03   5.4672069e-03   5.3655564e-03   5.2891274e-03   5.2351986e-03   5.1892347e-03   5.1458172e-03   5.1027519e-03   5.0601548e-03   5.0184137e-03   4.9714604e-03   4.9193858e-03   4.8570262e-03   4.7595836e-03   4.6281059e-03   4.4789217e-03   4.1760198e-03   3.2091583e-03   2.0399541e-03   9.1758087e-04  -1.0511557e-04  -8.1924031e-04  -4.7774726e-05
   1.7900091e-02   1.6968194e-02   1.6102477e-02   1.5383181e-02   1.4853051e-02   1.4488461e-02   1.4227458e-02   1.4019581e-02   1.3840180e-02   1.3683892e-02   1.3555675e-02   1.3458044e-02   1.3384957e-02   1.3333842e-02   1.3290502e-02   1.3249610e-02   1.3208569e-02   1.3168275e-02   1.3129345e-02   1.3085281e-02   1.3036399e-02   1.2978182e-02   1.2888535e-02   1.2768579e-02   1.2633479e-02   1.2353761e-02   1.1391652e-02   1.0195275e-02   9.0220211e-03   7.9112168e-03   7.0370308e-03   7.7226450e-03
   2.4476158e-02   2.3675778e-02   2.2911104e-02   2.2261976e-02   2.1776922e-02   2.1441255e-02   2.1200783e-02   2.1009646e-02   2.0845180e-02   2.0702469e-02   2.0586028e-02   2.0497935e-02   2.0432534e-02   2.0387537e-02   2.0349775e-02   2.0314242e-02   2.0277965e-02   2.0242804e-02   2.0209687e-02   2.0171811e-02   2.0129773e-02   2.0080139e-02   2.0005420e-02   1.9906386e-02   1.9795637e-02   1.9557725e-02   1.8636074e-02   1.7441855e-02   1.6242081e-02   1.5059019e-02   1.4017648e-02   1.4576992e-02
   2.9560377e-02   2.8954517e-02   2.8348044e-02   2.7816173e-02   2.7411128e-02   2.7128525e-02   2.6925679e-02   2.6764765e-02   2.6626888e-02   2.6508033e-02   2.6411989e-02   2.6340181e-02   2.6287696e-02   2.6252734e-02   2.6224018e-02   2.6197163e-02   2.6168841e-02   2.6142107e-02   2.6118278e-02   2.6090415e-02   2.6059457e-02   2.6023568e-02   2.5972091e-02   2.5904968e-02   2.5830575e-02   2.5656300e-02   2.4817711e-02   2.3661330e-02   2.2466037e-02   2.1234164e-02   2.0027993e-02   2.0421215e-02
   3.3037620e-02   3.2689844e-02   3.2302372e-02   3.1940609e-02   3.1656491e-02   3.1455950e-02   3.1311458e-02   3.1197100e-02   3.1099857e-02   3.1017150e-02   3.0951703e-02   3.0904061e-02   3.0870524e-02   3.0850028e-02   3.0834235e-02   3.0819744e-02   3.0802900e-02   3.0788214e-02   3.0777474e-02   3.0763813e-02   3.0748579e-02   3.0732109e-02   3.0713119e-02   3.0690301e-02   3.0665972e-02   3.0580488e-02   2.9875466e-02   2.8800685e-02   2.7648909e-02   2.6400453e-02   2.5044166e-02   2.5235855e-02
   3.4849984e-02   3.4820039e-02   3.4710993e-02   3.4573498e-02   3.4454043e-02   3.4367473e-02   3.4304500e-02   3.4255064e-02   3.4214265e-02   3.4181523e-02   3.4158096e-02   3.4143388e-02   3.4135444e-02   3.4134222e-02   3.4135501e-02   3.4137300e-02   3.4135650e-02   3.4136818e-02   3.4143139e-02   3.4148059e-02   3.4153417e-02   3.4162339e-02   3.4185722e-02   3.4220721e-02   3.4261692e-02   3.4293333e-02   3.3780791e-02   3.2841268e-02   3.1782255e-02   3.0560299e-02   2.9083953e-02   2.9046390e-02
   3.4974639e-02   3.5317386e-02   3.5542146e-02   3.5681033e-02   3.5769815e-02   3.5829891e-02   3.5872545e-02   3.5907278e-02   3.5939561e-02   3.5971370e-02   3.6002037e-02   3.6029521e-02   3.6054162e-02   3.6077215e-02   3.6099830e-02   3.6121931e-02   3.6139248e-02   3.6160122e-02   3.6187502e-02   3.6215418e-02   3.6246281e-02   3.6286641e-02   3.6362555e-02   3.6469521e-02   3.6592044e-02   3.6771444e-02   3.6517194e-02   3.5776353e-02   3.4870881e-02   3.3731414e-02   3.2183457e-02   3.1898894e-02
   3.3410212e-02   3.4176501e-02   3.4786331e-02   3.5250558e-02   3.5589474e-02   3.5828262e-02   3.6000449e-02   3.6138499e-02   3.6260447e-02   3.6371396e-02   3.6468281e-02   3.6547278e-02   3.6611533e-02   3.6663858e-02   3.6712027e-02   3.6758382e-02   3.6798369e-02   3.6842720e-02   3.6895051e-02   3.6950272e-02   3.7011433e-02   3.7089129e-02   3.7227567e-02   3.7420593e-02   3.7641042e-02   3.7999399e-02   3.8072207e-02   3.7599987e-02   3.6919034e-02   3.5931330e-02   3.4380402e-02   3.3842233e-02
   3.0175785e-02   3.1411537e-02   3.2453665e-02   3.3289098e-02   3.3918115e-02   3.4366617e-02   3.4691517e-02   3.4951376e-02   3.5178959e-02   3.5383098e-02   3.5557900e-02   3.5697421e-02   3.5808086e-02   3.5894484e-02   3.5972218e-02   3.6046570e-02   3.6112751e-02   3.6184153e-02   3.6265104e-02   3.6351694e-02   3.6447672e-02   3.6568236e-02   3.6778557e-02   3.7070865e-02   3.7404634e-02   3.7971502e-02   3.8437953e-02   3.8305233e-02   3.7925524e-02   3.7169558e-02   3.5703550e-02   3.4916405e-02
   2.5322845e-02   2.7062754e-02   2.8576918e-02   2.9824646e-02   3.0780927e-02   3.1468510e-02   3.1968124e-02   3.2367223e-02   3.2715399e-02   3.3025834e-02   3.3289439e-02   3.3497851e-02   3.3661210e-02   3.3786076e-02   3.3897005e-02   3.4002732e-02   3.4098317e-02   3.4200012e-02   3.4312880e-02   3.4434508e-02   3.4569370e-02   3.4737732e-02   3.5028180e-02   3.5431316e-02   3.5891756e-02   3.6692984e-02   3.7613201e-02   3.7886308e-02   3.7884176e-02   3.7445301e-02   3.6166910e-02   3.5145748e-02
   1.8956508e-02   2.1211430e-02   2.3220503e-02   2.4910521e-02   2.6224448e-02   2.7176420e-02   2.7870058e-02   2.8423730e-02   2.8905625e-02   2.9333814e-02   2.9695688e-02   2.9980212e-02   3.0201634e-02   3.0368645e-02   3.0515760e-02   3.0655626e-02   3.0783304e-02   3.0917983e-02   3.1065464e-02   3.1225159e-02   3.1402262e-02   3.1622443e-02   3.1999603e-02   3.2522657e-02   3.3120173e-02   3.4176314e-02   3.5601696e-02   3.6339157e-02   3.6785135e-02   3.6747758e-02   3.5767336e-02   3.4535657e-02
   1.1260884e-02   1.4001149e-02   1.6496356e-02   1.8635737e-02   2.0322414e-02   2.1554435e-02   2.2455108e-02   2.3174072e-02   2.3799040e-02   2.4353220e-02   2.4820152e-02   2.5185907e-02   2.5469113e-02   2.5680692e-02   2.5865895e-02   2.6041643e-02   2.6203203e-02   2.6372624e-02   2.6556423e-02   2.6756169e-02   2.6977726e-02   2.7252346e-02   2.7720398e-02   2.8369094e-02   2.9110242e-02   3.0435150e-02   3.2407274e-02   3.3658902e-02   3.4614504e-02   3.5056801e-02   3.4484528e-02   3.3071932e-02
   2.5244523e-03   5.6631672e-03   8.5869626e-03   1.1144262e-02   1.3191075e-02   1.4700343e-02   1.5808747e-02   1.6694737e-02   1.7464909e-02   1.8147281e-02   1.8721174e-02   1.9169534e-02   1.9515379e-02   1.9771831e-02   1.9995226e-02   2.0206914e-02   2.0402634e-02   2.0607014e-02   2.0827229e-02   2.1067316e-02   2.1333712e-02   2.1663213e-02   2.2222804e-02   2.2998175e-02   2.3884410e-02   2.5483240e-02   2.8031520e-02   2.9837566e-02   3.1353540e-02   3.2343908e-02   3.2283079e-02   3.0722554e-02
  -6.8379889e-03  -3.4574256e-03  -2.2657924e-04   2.6628026e-03   5.0153831e-03   6.7698889e-03   8.0666429e-03   9.1065078e-03   1.0011970e-02   1.0814692e-02   1.1489384e-02   1.2015619e-02   1.2420352e-02   1.2718647e-02   1.2977536e-02   1.3222606e-02   1.3450379e-02   1.3687519e-02   1.3941783e-02   1.4219885e-02   1.4528690e-02   1.4910215e-02   1.5556800e-02   1.6453182e-02   1.7478900e-02   1.9344779e-02   2.2480530e-02   2.4867895e-02   2.6981447e-02   2.8575347e-02   2.9117002e-02   2.7442411e-02
  -1.6273158e-02  -1.2880989e-02  -9.5374765e-03  -6.4682013e-03  -3.9183129e-03  -1.9902431e-03  -5.5273313e-04   6.0646493e-04   1.6197523e-03   2.5202277e-03   3.2776827e-03   3.8680915e-03   4.3212173e-03   4.6534855e-03   4.9411241e-03   5.2132457e-03   5.4674816e-03   5.7316757e-03   6.0140785e-03   6.3240859e-03   6.6687918e-03   7.0947239e-03   7.8163558e-03   8.8186307e-03   9.9683657e-03   1.2077481e-02   1.5783615e-02   1.8757418e-02   2.1485876e-02   2.3720620e-02   2.4937836e-02   2.3182110e-02
  -2.5099384e-02  -2.1989621e-02  -1.8798073e-02  -1.5770781e-02  -1.3192874e-02  -1.1209947e-02  -9.7140424e-03  -8.4971270e-03  -7.4261203e-03  -6.4697786e-03  -5.6632626e-03  -5.0342859e-03  -4.5522280e-03  -4.2002876e-03  -3.8960169e-03  -3.6081865e-03  -3.3377577e-03  -3.0569087e-03  -2.7570061e-03  -2.4262854e-03  -2.0576780e-03  -1.6013749e-03  -8.2662004e-04   2.5364635e-04   1.4986423e-03   3.8041875e-03   8.0217357e-03   1.1552743e-02   1.4882798e-02   1.7768329e-02   1.9707846e-02   1.7902301e-02
  -3.2555308e-02  -3.0056525e-02  -2.7331965e-02  -2.4627396e-02  -2.2248010e-02  -2.0376641e-02  -1.8941847e-02  -1.7758797e-02  -1.6705883e-02  -1.5757895e-02  -1.4954432e-02  -1.4326638e-02  -1.3845841e-02  -1.3496265e-02  -1.3193962e-02  -1.2907825e-02  -1.2637191e-02  -1.2355824e-02  -1.2054830e-02  -1.1720844e-02  -1.1347127e-02  -1.0882458e-02  -1.0088958e-02  -8.9746747e-03  -7.6798762e-03  -5.2537097e-03  -6.3963816e-04   3.3705097e-03   7.2441828e-03   1.0749704e-02   1.3419452e-02   1.1594472e-02
  -3.7896771e-02  -3.6322033e-02  -3.4388879e-02  -3.2316602e-02  -3.0400570e-02  -2.8844617e-02  -2.7622472e-02  -2.6592315e-02  -2.5657851e-02  -2.4804450e-02  -2.4074759e-02  -2.3502461e-02  -2.3064314e-02  -2.2747293e-02  -2.2472434e-02  -2.2211845e-02  -2.1963177e-02  -2.1703636e-02  -2.1424216e-02  -2.1111272e-02  -2.0758727e-02  -2.0316541e-02  -1.9552616e-02  -1.8466470e-02  -1.7186239e-02  -1.4748202e-02  -9.9193115e-03  -5.5702191e-03  -1.2702914e-03   2.7678788e-03   6.1209168e-03   4.3079658e-03
  -4.0530196e-02  -4.0114460e-02  -3.9247909e-02  -3.8096777e-02  -3.6910337e-02  -3.5886658e-02  -3.5045110e-02  -3.4303691e-02  -3.3604785e-02  -3.2948384e-02  -3.2377614e-02  -3.1926875e-02  -3.1582045e-02  -3.1334683e-02  -3.1118660e-02  -3.0913062e-02  -3.0714023e-02  -3.0504195e-02  -3.0274641e-02  -3.0013306e-02  -2.9715120e-02  -2.9334496e-02  -2.8661603e-02  -2.7683140e-02  -2.6499987e-02  -2.4190700e-02  -1.9398078e-02  -1.4920444e-02  -1.0382716e-02  -5.9707696e-03  -2.0535211e-03  -3.8189294e-03
  -4.0143623e-02  -4.0988108e-02  -4.1352854e-02  -4.1331431e-02  -4.1091963e-02  -4.0793086e-02  -4.0490048e-02  -4.0170356e-02  -3.9825194e-02  -3.9471684e-02  -3.9149604e-02  -3.8891122e-02  -3.8694396e-02  -3.8557155e-02  -3.8434389e-02  -3.8316170e-02  -3.8197579e-02  -3.8068568e-02  -3.7920506e-02  -3.7745225e-02  -3.7538957e-02  -3.7264294e-02  -3.6752592e-02  -3.5973229e-02  -3.4982113e-02  -3.2964578e-02  -2.8516306e-02  -2.4187739e-02  -1.9675169e-02  -1.5129160e-02  -1.0853195e-02  -1.2528413e-02
  -3.6783658e-02  -3.8829745e-02  -4.0438565e-02  -4.1624852e-02  -4.2451219e-02  -4.3003827e-02  -4.3354994e-02  -4.3561494e-02  -4.3667721e-02  -4.3708097e-02  -4.3714308e-02  -4.3712304e-02  -4.3714328e-02  -4.3725198e-02  -4.3728345e-02  -4.3728400e-02  -4.3720174e-02  -4.3702257e-02  -4.3666617e-02  -4.3611401e-02  -4.3534328e-02  -4.3409902e-02  -4.3129686e-02  -4.2641639e-02  -4.1938326e-02  -4.0378016e-02  -3.6606101e-02  -3.2750376e-02  -2.8588391e-02  -2.4225509e-02  -1.9887661e-02  -2.1420887e-02
  -3.0843642e-02  -3.3887993e-02  -3.6598186e-02  -3.8919207e-02  -4.0801536e-02  -4.2235281e-02  -4.3286560e-02  -4.4071169e-02  -4.4684282e-02  -4.5175314e-02  -4.5563014e-02  -4.5862648e-02  -4.6100327e-02  -4.6287907e-02  -4.6442092e-02  -4.6584446e-02  -4.6710609e-02  -4.6828220e-02  -4.6930193e-02  -4.7023149e-02  -4.7106309e-02  -4.7169198e-02  -4.7179538e-02  -4.7060754e-02  -4.6725689e-02  -4.5762169e-02  -4.2969352e-02  -3.9913371e-02  -3.6455816e-02  -3.2646673e-02  -2.8622098e-02  -2.9952670e-02
  -2.2968535e-02  -2.6712132e-02  -3.0261147e-02  -3.3511379e-02  -3.6313322e-02  -3.8552937e-02  -4.0268525e-02  -4.1617449e-02  -4.2737197e-02  -4.3688024e-02  -4.4471922e-02  -4.5089381e-02  -4.5578044e-02  -4.5955703e-02  -4.6273566e-02  -4.6570723e-02  -4.6844979e-02  -4.7112256e-02  -4.7366769e-02  -4.7625123e-02  -4.7887841e-02  -4.8161364e-02  -4.8499307e-02  -4.8798755e-02  -4.8880915e-02  -4.8598469e-02  -4.6996492e-02  -4.5010607e-02  -4.2583580e-02  -3.9702975e-02  -3.6406096e-02  -3.7467976e-02
  -1.3918465e-02  -1.8028214e-02  -2.2092066e-02  -2.5981731e-02  -2.9473570e-02  -3.2357340e-02  -3.4628370e-02  -3.6465293e-02  -3.8035653e-02  -3.9405697e-02  -4.0558800e-02  -4.1477886e-02  -4.2208141e-02  -4.2771379e-02  -4.3250719e-02  -4.3701393e-02  -4.4124870e-02  -4.4543356e-02  -4.4952714e-02  -4.5380161e-02  -4.5827090e-02  -4.6317193e-02  -4.6991630e-02  -4.7720514e-02  -4.8227329e-02  -4.8635375e-02  -4.8295774e-02  -4.7534756e-02  -4.6370284e-02  -4.4728642e-02  -4.2547099e-02  -4.3275574e-02
  -4.4418969e-03  -8.6031980e-03  -1.2854541e-02  -1.7066857e-02  -2.0974074e-02  -2.4289523e-02  -2.6958665e-02  -2.9162245e-02  -3.1084500e-02  -3.2793159e-02  -3.4253434e-02  -3.5429720e-02  -3.6369999e-02  -3.7097828e-02  -3.7722573e-02  -3.8312516e-02  -3.8874373e-02  -3.9433627e-02  -3.9988118e-02  -4.0575421e-02  -4.1197166e-02  -4.1893151e-02  -4.2885835e-02  -4.4018464e-02  -4.4916208e-02  -4.5948086e-02  -4.6786069e-02  -4.7253676e-02  -4.7435834e-02  -4.7210506e-02  -4.6425111e-02  -4.6765638e-02
   4.8091247e-03   8.5993595e-04  -3.2895397e-03  -7.5273524e-03  -1.1575704e-02  -1.5097195e-02  -1.7988029e-02  -2.0415517e-02  -2.2568137e-02  -2.4511483e-02  -2.6194933e-02  -2.7565197e-02  -2.8668451e-02  -2.9527804e-02  -3.0271533e-02  -3.0976743e-02  -3.1657042e-02  -3.2337551e-02  -3.3018444e-02  -3.3746705e-02  -3.4523452e-02  -3.5402413e-02  -3.6675432e-02  -3.8159279e-02  -3.9383972e-02  -4.0915232e-02  -4.2714247e-02  -4.4266898e-02  -4.5712729e-02  -4.6905089e-02  -4.7622022e-02  -4.7539060e-02
   1.3316500e-02   9.7793122e-03   5.9624300e-03   1.9494121e-03  -1.9957946e-03  -5.5119033e-03  -8.4523311e-03  -1.0960051e-02  -1.3217299e-02  -1.5284787e-02  -1.7099365e-02  -1.8592143e-02  -1.9803627e-02  -2.0754697e-02  -2.1584968e-02  -2.2375674e-02  -2.3148999e-02  -2.3925874e-02  -2.4709240e-02  -2.5554159e-02  -2.6460433e-02  -2.7493207e-02  -2.8999432e-02  -3.0769989e-02  -3.2244385e-02  -3.4123505e-02  -3.6590353e-02  -3.8978077e-02  -4.1461699e-02  -4.3898256e-02  -4.6020923e-02  -4.5504027e-02
   2.0699036e-02   1.7710447e-02   1.4393482e-02   1.0798729e-02   7.1578532e-03   3.8309173e-03   9.9618641e-04  -1.4591043e-03  -3.7028737e-03  -5.7887905e-03  -7.6445264e-03  -9.1881705e-03  -1.0451585e-02  -1.1452117e-02  -1.2333958e-02  -1.3177834e-02  -1.4016197e-02  -1.4862141e-02  -1.5721942e-02  -1.6657279e-02  -1.7665878e-02  -1.8822053e-02  -2.0514399e-02  -2.2509121e-02  -2.4159575e-02  -2.6240082e-02  -2.9069406e-02  -3.1996494e-02  -3.5205608e-02  -3.8582108e-02  -4.1834643e-02  -4.0899488e-02
   2.6696895e-02   2.4338039e-02   2.1629291e-02   1.8590022e-02   1.5409369e-02   1.2424703e-02   9.8311155e-03   7.5465541e-03   5.4227465e-03   3.4147308e-03   1.6011781e-03   7.4557398e-05  -1.1860914e-03  -2.1936596e-03  -3.0913931e-03  -3.9552166e-03  -4.8295197e-03  -5.7163097e-03  -6.6259319e-03  -7.6252470e-03  -8.7092553e-03  -9.9598313e-03  -1.1796673e-02  -1.3963922e-02  -1.5732209e-02  -1.7896899e-02  -2.0824864e-02  -2.4008280e-02  -2.7610575e-02  -3.1560050e-02  -3.5551324e-02  -3.4235037e-02
   3.1148375e-02   2.9456629e-02   2.7414609e-02   2.5017516e-02   2.2410252e-02   1.9891604e-02   1.7656311e-02   1.5648118e-02   1.3740509e-02   1.1898139e-02   1.0203680e-02   8.7580232e-03   7.5529182e-03   6.5806543e-03   5.7032476e-03   4.8534596e-03   3.9733775e-03   3.0748394e-03   2.1425542e-03   1.1058183e-03  -2.7108903e-05  -1.3448083e-03  -3.2911761e-03  -5.5930780e-03  -7.4412620e-03  -9.6141261e-03  -1.2450333e-02  -1.5660695e-02  -1.9359168e-02  -2.3519218e-02  -2.7821153e-02  -2.6173562e-02
   3.3964219e-02   3.2946692e-02   3.1592324e-02   2.9882392e-02   2.7923471e-02   2.5967098e-02   2.4190680e-02   2.2554326e-02   2.0951918e-02   1.9357418e-02   1.7855215e-02   1.6552589e-02   1.5455460e-02   1.4561920e-02   1.3742623e-02   1.2942589e-02   1.2088873e-02   1.1209490e-02   1.0283176e-02   9.2366611e-03   8.0818989e-03   6.7238015e-03   4.6978755e-03   2.2872229e-03   3.7797001e-04  -1.7683860e-03  -4.4049018e-03  -7.4854439e-03  -1.1051801e-02  -1.5113639e-02  -1.9328572e-02  -1.7402671e-02
   3.5102854e-02   3.4749125e-02   3.4079170e-02   3.3071048e-02   3.1803823e-02   3.0480518e-02   2.9247256e-02   2.8068745e-02   2.6854981e-02   2.5587499e-02   2.4349687e-02   2.3252826e-02   2.2317967e-02   2.1549459e-02   2.0829227e-02   2.0117943e-02   1.9326154e-02   1.8500052e-02   1.7611207e-02   1.6585041e-02   1.5437590e-02   1.4066948e-02   1.1989150e-02   9.4875690e-03   7.5217007e-03   5.4033496e-03   3.0009067e-03   1.3427618e-04  -3.1513919e-03  -6.8851100e-03  -1.0689145e-02  -8.5340740e-03
   3.4551019e-02   3.4841985e-02   3.4840616e-02   3.4530749e-02   3.3976003e-02   3.3334768e-02   3.2712518e-02   3.2067243e-02   3.1319356e-02   3.0455208e-02   2.9553950e-02   2.8727784e-02   2.8013016e-02   2.7420341e-02   2.6844879e-02   2.6266176e-02   2.5576833e-02   2.4842892e-02   2.4027403e-02   2.3055730e-02   2.1948368e-02   2.0595884e-02   1.8494239e-02   1.5915344e-02   1.3888517e-02   1.1778308e-02   9.5906062e-03   6.9619763e-03   4.0318952e-03   7.7258777e-04  -2.3893443e-03  -4.7774818e-05
   3.2314877e-02   3.3225499e-02   3.3870533e-02   3.4246387e-02   3.4411653e-02   3.4485355e-02   3.4526678e-02   3.4478011e-02   3.4264961e-02   3.3875861e-02   3.3382295e-02   3.2893691e-02   3.2460652e-02   3.2099748e-02   3.1720414e-02   3.1323968e-02   3.0783767e-02   3.0186927e-02   2.9486520e-02   2.8609044e-02   2.7579814e-02   2.6280832e-02   2.4186109e-02   2.1542316e-02   1.9445985e-02   1.7314184e-02   1.5292012e-02   1.2884656e-02   1.0327636e-02   7.6145794e-03   5.2325173e-03   7.7226450e-03
   2.8424404e-02   2.9920675e-02   3.1182871e-02   3.2225619e-02   3.3110594e-02   3.3921065e-02   3.4665471e-02   3.5264335e-02   3.5644905e-02   3.5795491e-02   3.5777316e-02   3.5693182e-02   3.5605998e-02   3.5537148e-02   3.5410672e-02   3.5251924e-02   3.4914179e-02   3.4506095e-02   3.3969398e-02   3.3232783e-02   3.2326638e-02   3.1123170e-02   2.9071559e-02   2.6376697e-02   2.4201293e-02   2.2017124e-02   2.0103535e-02   1.7880386e-02   1.5676695e-02   1.3523779e-02   1.1976140e-02   1.4576992e-02
   2.2949649e-02   2.4982485e-02   2.6819537e-02   2.8499402e-02   3.0093989e-02   3.1652418e-02   3.3127135e-02   3.4411848e-02   3.5433429e-02   3.6179163e-02   3.6697979e-02   3.7082497e-02   3.7405191e-02   3.7690785e-02   3.7877596e-02   3.8016307e-02   3.7940201e-02   3.7778856e-02   3.7461649e-02   3.6920372e-02   3.6190502e-02   3.5133284e-02   3.3169641e-02   3.0442074e-02   2.8179542e-02   2.5917120e-02   2.4064298e-02   2.1985801e-02   2.0097730e-02   1.8479348e-02   1.7752875e-02   2.0421215e-02
   1.6024208e-02   1.8523425e-02   2.0872373e-02   2.3139459e-02   2.5414535e-02   2.7714525e-02   2.9930443e-02   3.1924341e-02   3.3621056e-02   3.5006188e-02   3.6114950e-02   3.7026518e-02   3.7819715e-02   3.8520946e-02   3.9082261e-02   3.9579787e-02   3.9828327e-02   3.9976363e-02   3.9940630e-02   3.9656773e-02   3.9165008e-02   3.8314910e-02   3.6496024e-02   3.3762603e-02   3.1409314e-02   2.9052029e-02   2.7231828e-02   2.5268825e-02   2.3655696e-02   2.2523185e-02   2.2553198e-02   2.5235855e-02
   7.8709958e-03   1.0740921e-02   1.3512210e-02   1.6287243e-02   1.9181940e-02   2.2186379e-02   2.5127786e-02   2.7832196e-02   3.0220005e-02   3.2273815e-02   3.4013414e-02   3.5501043e-02   3.6818110e-02   3.7990939e-02   3.8984959e-02   3.9900552e-02   4.0537363e-02   4.1059205e-02   4.1370829e-02   4.1412442e-02   4.1228184e-02   4.0656130e-02   3.9052777e-02   3.6352795e-02   3.3913152e-02   3.1457909e-02   2.9667115e-02   2.7808073e-02   2.6435767e-02   2.5729685e-02   2.6414716e-02   2.9046390e-02
  -1.1732650e-03   1.9432356e-03   5.0173585e-03   8.1854559e-03   1.1595837e-02   1.5221876e-02   1.8831856e-02   2.2214107e-02   2.5281347e-02   2.8010673e-02   3.0403887e-02   3.2501899e-02   3.4383931e-02   3.6074230e-02   3.7551530e-02   3.8937837e-02   4.0023031e-02   4.0980959e-02   4.1706180e-02   4.2144163e-02   4.2341650e-02   4.2126572e-02   4.0823218e-02   3.8210944e-02   3.5700896e-02   3.3162354e-02   3.1424366e-02   2.9677547e-02   2.8523100e-02   2.8181052e-02   2.9394734e-02   3.1898894e-02
  -1.0638947e-02  -7.4302072e-03  -4.2039497e-03  -7.9575838e-04   2.9765454e-03   7.0834808e-03   1.1249102e-02   1.5227887e-02   1.8921911e-02   2.2299414e-02   2.5340998e-02   2.8060756e-02   3.0529419e-02   3.2766667e-02   3.4764454e-02   3.6661987e-02   3.8247031e-02   3.9696203e-02   4.0896933e-02   4.1800599e-02   4.2454668e-02   4.2679618e-02   4.1771573e-02   3.9316465e-02   3.6765691e-02   3.4179070e-02   3.2542780e-02   3.0934557e-02   2.9987228e-02   2.9948417e-02   3.1549302e-02   3.3842233e-02
  -1.9918400e-02  -1.6800443e-02  -1.3602476e-02  -1.0143899e-02  -6.2141773e-03  -1.8307489e-03   2.7108959e-03   7.1428966e-03   1.1355653e-02   1.5305408e-02   1.8948747e-02   2.2267095e-02   2.5314708e-02   2.8103562e-02   3.0638182e-02   3.3068163e-02   3.5189277e-02   3.7171342e-02   3.8899158e-02   4.0330475e-02   4.1510995e-02   4.2257840e-02   4.1846608e-02   3.9631636e-02   3.7083824e-02   3.4504442e-02   3.3039603e-02   3.1610073e-02   3.0870192e-02   3.1078235e-02   3.2919033e-02   3.4916406e-02
  -2.8289584e-02  -2.5464793e-02  -2.2497781e-02  -1.9208085e-02  -1.5369658e-02  -1.0974842e-02  -6.3062070e-03  -1.6341745e-03   2.9224215e-03   7.3062147e-03   1.1448851e-02   1.5294491e-02   1.8871788e-02   2.2181402e-02   2.5238702e-02   2.8193796e-02   3.0863282e-02   3.3397991e-02   3.5686260e-02   3.7692410e-02   3.9457165e-02   4.0799976e-02   4.0987660e-02   3.9107070e-02   3.6618985e-02   3.4117916e-02   3.2905756e-02   3.1702544e-02   3.1178782e-02   3.1583710e-02   3.3521020e-02   3.5145748e-02
  -3.4983786e-02  -3.2652522e-02  -3.0123287e-02  -2.7234060e-02  -2.3762188e-02  -1.9666302e-02  -1.5179807e-02  -1.0548626e-02  -5.8937729e-03  -1.2850384e-03   3.1867763e-03   7.4273099e-03   1.1430681e-02   1.5182738e-02   1.8706643e-02   2.2139731e-02   2.5334987e-02   2.8409448e-02   3.1263032e-02   3.3866632e-02   3.6252005e-02   3.8248537e-02   3.9131208e-02   3.7688713e-02   3.5329478e-02   3.2986732e-02   3.2105791e-02   3.1176801e-02   3.0882029e-02   3.1441513e-02   3.3345737e-02   3.4535657e-02
  -3.9300080e-02  -3.7627963e-02  -3.5717452e-02  -3.3442451e-02  -3.0606411e-02  -2.7132683e-02  -2.3171387e-02  -1.8912420e-02  -1.4466693e-02  -9.9113191e-03  -5.3524475e-03  -9.1876989e-04   3.3426142e-03   7.4002967e-03   1.1281129e-02   1.5093371e-02   1.8744241e-02   2.2300219e-02   2.5682687e-02   2.8869265e-02   3.1878029e-02   3.4558235e-02   3.6216869e-02   3.5323711e-02   3.3175293e-02   3.1072991e-02   3.0582409e-02   2.9968483e-02   2.9914555e-02   3.0593929e-02   3.2357857e-02   3.3071932e-02
  -4.0743710e-02  -3.9826258e-02  -3.8653653e-02  -3.7149598e-02  -3.5167074e-02  -3.2602104e-02  -2.9497451e-02  -2.5956203e-02  -2.2062215e-02  -1.7890267e-02  -1.3549682e-02  -9.1923135e-03  -4.9084186e-03  -7.4686752e-04   3.3186065e-03   7.3494256e-03   1.1325811e-02   1.5246680e-02   1.9066038e-02   2.2769139e-02   2.6355273e-02   2.9706037e-02   3.2193025e-02   3.1963868e-02   3.0122325e-02   2.8339801e-02   2.8264020e-02   2.7992669e-02   2.8185034e-02   2.8955950e-02   3.0500294e-02   3.0722555e-02
  -3.9141479e-02  -3.8980192e-02  -3.8574321e-02  -3.7905080e-02  -3.6895167e-02  -3.5431612e-02  -3.3443946e-02  -3.0926069e-02  -2.7915847e-02  -2.4472233e-02  -2.0691485e-02  -1.6730475e-02  -1.2717478e-02  -8.7157007e-03  -4.7024820e-03  -6.7935904e-04   3.4238497e-03   7.5243260e-03   1.1619806e-02   1.5705560e-02   1.9757343e-02   2.3703760e-02   2.7023575e-02   2.7567547e-02   2.6143457e-02   2.4754654e-02   2.5073430e-02   2.5154811e-02   2.5588223e-02   2.6426436e-02   2.7701468e-02   2.7442411e-02
  -3.4685374e-02  -3.5186828e-02  -3.5478221e-02  -3.5598166e-02  -3.5551652e-02  -3.5242775e-02  -3.4504705e-02  -3.3215958e-02  -3.1352501e-02  -2.8942972e-02  -2.6053517e-02  -2.2823602e-02  -1.9406310e-02  -1.5872305e-02  -1.2202740e-02  -8.4720863e-03  -4.5093012e-03  -4.8587315e-04   3.6484409e-03   7.9033868e-03   1.2228024e-02   1.6613540e-02   2.0697937e-02   2.2102736e-02   2.1218845e-02   2.0291431e-02   2.0937421e-02   2.1363238e-02   2.2019714e-02   2.2902959e-02   2.3886651e-02   2.3182110e-02
  -2.7884305e-02  -2.8883514e-02  -2.9721961e-02  -3.0487613e-02  -3.1269479e-02  -3.2016228e-02  -3.2501509e-02  -3.2502262e-02  -3.1925120e-02  -3.0757399e-02  -2.9022533e-02  -2.6821633e-02  -2.4312936e-02  -2.1564884e-02  -1.8558953e-02  -1.5441402e-02  -1.1940732e-02  -8.3119465e-03  -4.4489013e-03  -3.2083268e-04   3.9946528e-03   8.5652053e-03   1.3246252e-02   1.5554715e-02   1.5339156e-02   1.4934964e-02   1.5799341e-02   1.6544559e-02   1.7394021e-02   1.8300839e-02   1.8994736e-02   1.7902301e-02
  -1.9446174e-02  -2.0744555e-02  -2.1935126e-02  -2.3141074e-02  -2.4525917e-02  -2.6104512e-02  -2.7637795e-02  -2.8831703e-02  -2.9527446e-02  -2.9667492e-02  -2.9229620e-02  -2.8264347e-02  -2.6913512e-02  -2.5233281e-02  -2.3198871e-02  -2.1012622e-02  -1.8318854e-02  -1.5435562e-02  -1.2205726e-02  -8.5701184e-03  -4.6283197e-03  -2.2804451e-04   4.7603547e-03   7.9415964e-03   8.5154557e-03   8.6921772e-03   9.6377952e-03   1.0664216e-02   1.1667519e-02   1.2577326e-02   1.3001336e-02   1.1594472e-02
  -1.0139729e-02  -1.1543733e-02  -1.2887393e-02  -1.4312123e-02  -1.6038036e-02  -1.8157011e-02  -2.0461320e-02  -2.2624111e-02  -2.4434921e-02  -2.5796573e-02  -2.6650194e-02  -2.6997415e-02  -2.6946013e-02  -2.6532453e-02  -2.5718132e-02  -2.4731664e-02  -2.3166616e-02  -2.1368852e-02  -1.9145564e-02  -1.6403361e-02  -1.3253911e-02  -9.4625820e-03  -4.5820112e-03  -6.6023143e-04   7.9860169e-04   1.6116963e-03   2.4928843e-03   3.7532493e-03   4.8667632e-03   5.7608313e-03   5.9476350e-03   4.3079658e-03
  -6.8224633e-04  -2.0324076e-03  -3.3589773e-03  -4.8051524e-03  -6.6260200e-03  -8.9897068e-03  -1.1751529e-02  -1.4587588e-02  -1.7254719e-02  -1.9628002e-02  -2.1630635e-02  -2.3230965e-02  -2.4493063e-02  -2.5430809e-02  -2.5985797e-02  -2.6374450e-02  -2.6186042e-02  -2.5750690e-02  -2.4863801e-02  -2.3397313e-02  -2.1461070e-02  -1.8754527e-02  -1.4496484e-02  -1.0081897e-02  -7.6906653e-03  -6.1889646e-03  -5.5021207e-03  -4.0605048e-03  -2.8797778e-03  -2.0170652e-03  -2.0276593e-03  -3.8189293e-03
   8.3256213e-03   7.1387547e-03   5.9509934e-03   4.6307196e-03   2.9088123e-03   5.5089267e-04  -2.3773546e-03  -5.5819830e-03  -8.8066056e-03  -1.1913421e-02  -1.4830420e-02  -1.7516339e-02  -1.9990295e-02  -2.2244916e-02  -2.4199108e-02  -2.6019112e-02  -2.7339930e-02  -2.8433920e-02  -2.9113153e-02  -2.9222108e-02  -2.8853781e-02  -2.7672384e-02  -2.4584886e-02  -2.0025920e-02  -1.6723543e-02  -1.4492057e-02  -1.4089812e-02  -1.2521984e-02  -1.1311708e-02  -1.0491814e-02  -1.0658229e-02  -1.2528413e-02
   1.6421541e-02   1.5453492e-02   1.4471427e-02   1.3364318e-02   1.1866370e-02   9.6925443e-03   6.8274531e-03   3.5180861e-03   1.6935084e-05  -3.5396439e-03  -7.1047176e-03  -1.0650484e-02  -1.4155311e-02  -1.7594013e-02  -2.0862873e-02  -2.4049809e-02  -2.6877290e-02  -2.9529750e-02  -3.1862182e-02  -3.3706081e-02  -3.5125216e-02  -3.5788104e-02  -3.4350522e-02  -3.0041735e-02  -2.5926656e-02  -2.2950956e-02  -2.2867921e-02  -2.1227730e-02  -2.0016761e-02  -1.9246316e-02  -1.9529650e-02  -2.1420887e-02
   2.3275328e-02   2.2533166e-02   2.1772949e-02   2.0908579e-02   1.9689828e-02   1.7798477e-02   1.5145703e-02   1.1923234e-02   8.3663572e-03   4.5986582e-03   6.2891874e-04  -3.5437705e-03  -7.8630292e-03  -1.2289171e-02  -1.6697808e-02  -2.1086262e-02  -2.5288132e-02  -2.9387919e-02  -3.3301045e-02  -3.6863618e-02  -4.0103541e-02  -4.2731743e-02  -4.3238424e-02  -3.9530119e-02  -3.4765477e-02  -3.1076675e-02  -3.1290820e-02  -2.9625833e-02  -2.8432459e-02  -2.7712828e-02  -2.8079696e-02  -2.9952670e-02
   2.8669399e-02   2.8123585e-02   2.7561656e-02   2.6922300e-02   2.5977036e-02   2.4390334e-02   2.2013389e-02   1.8982271e-02   1.5507101e-02   1.1692151e-02   7.5043737e-03   2.9096734e-03  -2.0068240e-03  -7.1933254e-03  -1.2507776e-02  -1.7861525e-02  -2.3200473e-02  -2.8515775e-02  -3.3787843e-02  -3.8871718e-02  -4.3759797e-02  -4.8230186e-02  -5.0693622e-02  -4.7789965e-02  -4.2569837e-02  -3.8257496e-02  -3.8705643e-02  -3.7050689e-02  -3.5882635e-02  -3.5209644e-02  -3.5633081e-02  -3.7467976e-02
   3.2474142e-02   3.2072868e-02   3.1659875e-02   3.1194426e-02   3.0469353e-02   2.9143139e-02   2.7023685e-02   2.4199524e-02   2.0854942e-02   1.7074465e-02   1.2788839e-02   7.9357362e-03   2.6224756e-03  -3.0893460e-03  -9.0440290e-03  -1.5085319e-02  -2.1251553e-02  -2.7461543e-02  -3.3751542e-02  -4.0000886e-02  -4.6173181e-02  -5.2116435e-02  -5.6223933e-02  -5.4108365e-02  -4.8615761e-02  -4.3827897e-02  -4.4430520e-02  -4.2802106e-02  -4.1657970e-02  -4.1021947e-02  -4.1480647e-02  -4.3275574e-02
   3.4622162e-02   3.4303742e-02   3.3977128e-02   3.3614600e-02   3.3023608e-02   3.1862078e-02   2.9913114e-02   2.7234647e-02   2.3992697e-02   2.0257945e-02   1.5938102e-02   1.0953489e-02   5.4251417e-03  -5.7898751e-04  -6.8948697e-03  -1.3325851e-02  -1.9967223e-02  -2.6695046e-02  -3.3580947e-02  -4.0522867e-02  -4.7466852e-02  -5.4310035e-02  -5.9453734e-02  -5.7877946e-02  -5.2256040e-02  -4.7186322e-02  -4.7868618e-02  -4.6263642e-02  -4.5135249e-02  -4.4521737e-02  -4.4998390e-02  -4.6765638e-02
   3.5085051e-02   3.4785213e-02   3.4477525e-02   3.4137615e-02   3.3576473e-02   3.2452220e-02   3.0542576e-02   2.7898465e-02   2.4681553e-02   2.0959235e-02   1.6633997e-02   1.1622317e-02   6.0483466e-03  -1.8482791e-05  -6.4122630e-03  -1.2927442e-02  -1.9672034e-02  -2.6512735e-02  -3.3529171e-02  -4.0623822e-02  -4.7738827e-02  -5.4782920e-02  -6.0161085e-02  -5.8711615e-02  -5.3064574e-02  -4.7932799e-02  -4.8631392e-02  -4.7032420e-02  -4.5907666e-02  -4.5299064e-02  -4.5778546e-02  -4.7539060e-02
   3.3857662e-02   3.3511908e-02   3.3154930e-02   3.2755545e-02   3.2116155e-02   3.0894667e-02   2.8883031e-02   2.6150382e-02   2.2869533e-02   1.9116279e-02   1.4806731e-02   9.8674973e-03   4.4146531e-03  -1.4861708e-03  -7.6739361e-03  -1.3966528e-02  -2.0438601e-02  -2.6981556e-02  -3.3654117e-02  -4.0347196e-02  -4.7013184e-02  -5.3530913e-02  -5.8297216e-02  -5.6521317e-02  -5.0943008e-02  -4.5974544e-02  -4.6629533e-02  -4.5015667e-02  -4.3881587e-02  -4.3259576e-02  -4.3727325e-02  -4.5504027e-02
   3.0954413e-02   3.0499080e-02   3.0026849e-02   2.9490810e-02   2.8675332e-02   2.7240649e-02   2.5012031e-02   2.2097891e-02   1.8693685e-02   1.4892415e-02   1.0639947e-02   5.8856777e-03   7.2785906e-04  -4.7759692e-03  -1.0475648e-02  -1.6242549e-02  -2.2076820e-02  -2.7926712e-02  -3.3805168e-02  -3.9580628e-02  -4.5228547e-02  -5.0566587e-02  -5.3990516e-02  -5.1536487e-02  -4.6146520e-02  -4.1551929e-02  -4.2095006e-02  -4.0454183e-02  -3.9300060e-02  -3.8648230e-02  -3.9088667e-02  -4.0899488e-02
   2.6418832e-02   2.5795387e-02   2.5149973e-02   2.4413752e-02   2.3349049e-02   2.1626527e-02   1.9122584e-02   1.5997952e-02   1.2474619e-02   8.6659246e-03   4.5575610e-03   1.3037204e-04  -4.5426923e-03  -9.4150049e-03  -1.4352004e-02  -1.9302377e-02  -2.4162529e-02  -2.8963968e-02  -3.3658049e-02  -3.8089994e-02  -4.2267772e-02  -4.5937356e-02  -4.7535796e-02  -4.4256379e-02  -3.9217810e-02  -3.5172325e-02  -3.5524674e-02  -3.3862369e-02  -3.2682729e-02  -3.1988691e-02  -3.2383432e-02  -3.4235037e-02
   2.0343347e-02   1.9508162e-02   1.8650098e-02   1.7675881e-02   1.6328347e-02   1.4302252e-02   1.1540581e-02   8.2605442e-03   4.7064811e-03   1.0087743e-03  -2.8055035e-03  -6.7229996e-03  -1.0702206e-02  -1.4709592e-02  -1.8629733e-02  -2.2501349e-02  -2.6106253e-02  -2.9574393e-02  -3.2792459e-02  -3.5592383e-02  -3.8018672e-02  -3.9758968e-02  -3.9367025e-02  -3.5351209e-02  -3.0856927e-02  -2.7483073e-02  -2.7569352e-02  -2.5910790e-02  -2.4708068e-02  -2.3964652e-02  -2.4290584e-02  -2.6173562e-02
   1.2894190e-02   1.1832316e-02   1.0754271e-02   9.5440720e-03   7.9340402e-03   5.6600291e-03   2.7428380e-03  -5.4781872e-04  -3.9558568e-03  -7.3427374e-03  -1.0648035e-02  -1.3835289e-02  -1.6900500e-02  -1.9826027e-02  -2.2518172e-02  -2.5102861e-02  -2.7258799e-02  -2.9212859e-02  -3.0797783e-02  -3.1848837e-02  -3.2444233e-02  -3.2245463e-02  -3.0012212e-02  -2.5542026e-02  -2.1777295e-02  -1.9137356e-02  -1.8910147e-02  -1.7296674e-02  -1.6083218e-02  -1.5288818e-02  -1.5516650e-02  -1.7402671e-02
   4.3370417e-03   3.0759424e-03   1.8158632e-03   4.2438284e-04  -1.3620616e-03  -3.7494501e-03  -6.6353785e-03  -9.7096846e-03  -1.2719718e-02  -1.5531703e-02  -1.8068615e-02  -2.0290330e-02  -2.2235928e-02  -2.3907237e-02  -2.5233540e-02  -2.6408087e-02  -2.7039228e-02  -2.7430132e-02  -2.7381761e-02  -2.6749612e-02  -2.5636088e-02  -2.3716773e-02  -2.0034177e-02  -1.5492642e-02  -1.2594428e-02  -1.0696755e-02  -1.0158571e-02  -8.6412847e-03  -7.4402054e-03  -6.5986345e-03  -6.6927497e-03  -8.5340740e-03
  -4.9399862e-03  -6.3210654e-03  -7.6715926e-03  -9.1296186e-03  -1.0935441e-02  -1.3223348e-02  -1.5817224e-02  -1.8387891e-02  -2.0704542e-02  -2.2653086e-02  -2.4162018e-02  -2.5211976e-02  -2.5887347e-02  -2.6212238e-02  -2.6137757e-02  -2.5890869e-02  -2.5056488e-02  -2.3977464e-02  -2.2451110e-02  -2.0364636e-02  -1.7830610e-02  -1.4575270e-02  -9.9679598e-03  -5.7381727e-03  -3.7701872e-03  -2.5859195e-03  -1.7976084e-03  -4.3136321e-04   7.2423099e-04   1.6040892e-03   1.6838825e-03  -4.7774825e-05
  -1.4411444e-02  -1.5779897e-02  -1.7075863e-02  -1.8428375e-02  -2.0032861e-02  -2.1945685e-02  -2.3940112e-02  -2.5699328e-02  -2.7034097e-02  -2.7864014e-02  -2.8144838e-02  -2.7899005e-02  -2.7251383e-02  -2.6247978e-02  -2.4857359e-02  -2.3300753e-02  -2.1189484e-02  -1.8861971e-02  -1.6139057e-02  -1.2943227e-02  -9.3822426e-03  -5.2575497e-03  -2.6928344e-04   3.3415682e-03   4.3911391e-03   4.9097105e-03   5.8373703e-03   6.9982590e-03   8.0678281e-03   8.9725409e-03   9.2673748e-03   7.7226449e-03
  -2.3418904e-02  -2.4597794e-02  -2.5652853e-02  -2.6687431e-02  -2.7831659e-02  -2.9068303e-02  -3.0158112e-02  -3.0834575e-02  -3.0967283e-02  -3.0518807e-02  -2.9487058e-02  -2.7946017e-02  -2.6047477e-02  -2.3854299e-02  -2.1345539e-02  -1.8701157e-02  -1.5600350e-02  -1.2336245e-02  -8.7735471e-03  -4.8667509e-03  -7.0644538e-04   3.8209566e-03   8.7147096e-03   1.1511326e-02   1.1714532e-02   1.1621604e-02   1.2548476e-02   1.3453406e-02   1.4393084e-02   1.5305502e-02   1.5852489e-02   1.4576992e-02
  -3.1210740e-02  -3.2000657e-02  -3.2613012e-02  -3.3109790e-02  -3.3541312e-02  -3.3832812e-02  -3.3779310e-02  -3.3200694e-02  -3.2035132e-02  -3.0289503e-02  -2.8007488e-02  -2.5309662e-02  -2.2354640e-02  -1.9213184e-02  -1.5867390e-02  -1.2432130e-02  -8.6803139e-03  -4.8308071e-03  -8.0267330e-04   3.4244851e-03   7.7848203e-03   1.2309967e-02   1.6749778e-02   1.8648619e-02   1.8115203e-02   1.7467116e-02   1.8248587e-02   1.8853928e-02   1.9621520e-02   2.0521946e-02   2.1348613e-02   2.0421215e-02
  -3.7029452e-02  -3.7242617e-02  -3.7232555e-02  -3.7008606e-02  -3.6536785e-02  -3.5709907e-02  -3.4401124e-02  -3.2540584e-02  -3.0133743e-02  -2.7224525e-02  -2.3894560e-02  -2.0293986e-02  -1.6566840e-02  -1.2781524e-02  -8.9177931e-03  -5.0165308e-03  -9.5304286e-04   3.1414463e-03   7.2926212e-03   1.1503048e-02   1.5734061e-02   1.9946669e-02   2.3699974e-02   2.4707185e-02   2.3563363e-02   2.2419420e-02   2.2929064e-02   2.3202070e-02   2.3762050e-02   2.4629439e-02   2.5748053e-02   2.5235855e-02
  -4.0240048e-02  -3.9740142e-02  -3.8990345e-02  -3.7943119e-02  -3.6487127e-02  -3.4510550e-02  -3.1993369e-02  -2.8980713e-02  -2.5533482e-02  -2.1719492e-02  -1.7643001e-02  -1.3461218e-02  -9.2864487e-03  -5.1760984e-03  -1.1057792e-03   2.9531591e-03   7.0283782e-03   1.1075430e-02   1.5070979e-02   1.9005417e-02   2.2865646e-02   2.6557112e-02   2.9504244e-02   2.9686276e-02   2.8058933e-02   2.6483470e-02   2.6630006e-02   2.6552842e-02   2.6880344e-02   2.7692935e-02   2.9095020e-02   2.9046390e-02
  -4.0465654e-02  -3.9200751e-02  -3.7685464e-02  -3.5819086e-02  -3.3429471e-02  -3.0423335e-02  -2.6893933e-02  -2.2987060e-02  -1.8801073e-02  -1.4413158e-02  -9.9329623e-03  -5.5037279e-03  -1.1964394e-03   2.9477063e-03   6.9555951e-03   1.0912031e-02   1.4761900e-02   1.8536713e-02   2.2174288e-02   2.5656311e-02   2.8991188e-02   3.2044201e-02   3.4153101e-02   3.3609800e-02   3.1616728e-02   2.9680269e-02   2.9417399e-02   2.8990030e-02   2.9072876e-02   2.9807700e-02   3.1459184e-02   3.1898894e-02
  -3.7679063e-02  -3.5694615e-02  -3.3485877e-02  -3.0909679e-02  -2.7755222e-02  -2.3961478e-02  -1.9720002e-02  -1.5250040e-02  -1.0668870e-02  -6.0510807e-03  -1.4970426e-03   2.8791142e-03   7.0494389e-03   1.0990458e-02   1.4727773e-02   1.8384990e-02   2.1842438e-02   2.5191652e-02   2.8342963e-02   3.1270972e-02   3.4000556e-02   3.6370603e-02   3.7670175e-02   3.6514689e-02   3.4259989e-02   3.2039101e-02   3.1367526e-02   3.0608229e-02   3.0446354e-02   3.1077553e-02   3.2915492e-02   3.3842233e-02
  -3.2209648e-02  -2.9636339e-02  -2.6885447e-02  -2.3786913e-02  -2.0114733e-02  -1.5843528e-02  -1.1233470e-02  -6.5453152e-03  -1.9002381e-03   2.6373488e-03   6.9862497e-03   1.1069353e-02   1.4897341e-02   1.8463100e-02   2.1786603e-02   2.5012864e-02   2.7976258e-02   3.0811152e-02   3.3411085e-02   3.5744053e-02   3.7846408e-02   3.9541971e-02   4.0099548e-02   3.8445754e-02   3.6018965e-02   3.3594684e-02   3.2556117e-02   3.1499022e-02   3.1101311e-02   3.1597845e-02   3.3530024e-02   3.4916405e-02
  -2.4662412e-02  -2.1685393e-02  -1.8589185e-02  -1.5194641e-02  -1.1281753e-02  -6.8556949e-03  -2.2093012e-03   2.3851661e-03   6.8125274e-03   1.1021750e-02   1.4955722e-02   1.8575842e-02   2.1923439e-02   2.5004700e-02   2.7830276e-02   3.0551530e-02   3.2973805e-02   3.5258276e-02   3.7290775e-02   3.9032713e-02   4.0527512e-02   4.1592761e-02   4.1497498e-02   3.9453553e-02   3.6930698e-02   3.4384923e-02   3.3049299e-02   3.1739234e-02   3.1118578e-02   3.1442312e-02   3.3350659e-02   3.5145748e-02
  -1.5785546e-02  -1.2608845e-02  -9.3751869e-03  -5.9136215e-03  -2.0264145e-03   2.2616567e-03   6.6602470e-03   1.0909587e-02   1.4905347e-02   1.8609641e-02   2.1990218e-02   2.5043951e-02   2.7833580e-02   3.0374950e-02   3.2666936e-02   3.4855512e-02   3.6731329e-02   3.8468710e-02   3.9952960e-02   4.1138971e-02   4.2073593e-02   4.2574875e-02   4.1926501e-02   3.9592033e-02   3.7036663e-02   3.4446252e-02   3.2895263e-02   3.1380848e-02   3.0548694e-02   3.0653664e-02   3.2401336e-02   3.4535657e-02
  -6.3382120e-03  -3.1566756e-03   2.0399615e-05   3.3416179e-03   6.9729463e-03   1.0884239e-02   1.4816991e-02   1.8539999e-02   2.1960486e-02   2.5051244e-02   2.7802907e-02   3.0242419e-02   3.2445200e-02   3.4433308e-02   3.6192655e-02   3.7855404e-02   3.9209098e-02   4.0430222e-02   4.1408940e-02   4.2093941e-02   4.2532637e-02   4.2548464e-02   4.1449551e-02   3.8913963e-02   3.6377060e-02   3.3806695e-02   3.2117813e-02   3.0444034e-02   2.9405596e-02   2.9238636e-02   3.0679422e-02   3.3071932e-02
   3.0038634e-03   6.0201099e-03   8.9732048e-03   1.1980470e-02   1.5173995e-02   1.8533070e-02   2.1851362e-02   2.4934119e-02   2.7697999e-02   3.0123072e-02   3.2219691e-02   3.4039029e-02   3.5661941e-02   3.7113852e-02   3.8367394e-02   3.9535267e-02   4.0410885e-02   4.1164411e-02   4.1694692e-02   4.1944780e-02   4.1960440e-02   4.1573950e-02   4.0123849e-02   3.7464277e-02   3.4983262e-02   3.2479472e-02   3.0713814e-02   2.8915160e-02   2.7665908e-02   2.7168279e-02   2.8156552e-02   3.0722554e-02
   1.1694696e-02   1.4405376e-02   1.6997931e-02   1.9555525e-02   2.2180444e-02   2.4873868e-02   2.7491723e-02   2.9876718e-02   3.1951665e-02   3.3700841e-02   3.5151311e-02   3.6373456e-02   3.7448002e-02   3.8401507e-02   3.9193300e-02   3.9913065e-02   4.0366695e-02   4.0711694e-02   4.0858062e-02   4.0743897e-02   4.0411700e-02   3.9704663e-02   3.7994275e-02   3.5273428e-02   3.2871618e-02   3.0460135e-02   2.8655352e-02   2.6750346e-02   2.5273963e-02   2.4383674e-02   2.4783839e-02   2.7442411e-02
   1.9326562e-02   2.1620862e-02   2.3747170e-02   2.5756801e-02   2.7729773e-02   2.9697121e-02   3.1578161e-02   3.3249816e-02   3.4638112e-02   3.5729578e-02   3.6565846e-02   3.7232581e-02   3.7806137e-02   3.8312343e-02   3.8697039e-02   3.9024942e-02   3.9118856e-02   3.9119128e-02   3.8948175e-02   3.8539844e-02   3.7932284e-02   3.6980394e-02   3.5088206e-02   3.2353407e-02   3.0041149e-02   2.7728110e-02   2.5895502e-02   2.3883419e-02   2.2151538e-02   2.0806787e-02   2.0502581e-02   2.3182110e-02
   2.5617069e-02   2.7411289e-02   2.8994363e-02   3.0391013e-02   3.1667096e-02   3.2886998e-02   3.4029156e-02   3.4999956e-02   3.5726651e-02   3.6197116e-02   3.6466072e-02   3.6631172e-02   3.6760915e-02   3.6878695e-02   3.6916381e-02   3.6913137e-02   3.6711143e-02   3.6430736e-02   3.6006954e-02   3.5370113e-02   3.4553411e-02   3.3423183e-02   3.1413530e-02   2.8698015e-02   2.6475605e-02   2.4251251e-02   2.2375923e-02   2.0236691e-02   1.8211372e-02   1.6356384e-02   1.5261466e-02   1.7902301e-02
   3.0386910e-02   3.1620982e-02   3.2608057e-02   3.3352160e-02   3.3912308e-02   3.4387644e-02   3.4810097e-02   3.5110695e-02   3.5216274e-02   3.5115362e-02   3.4874200e-02   3.4599071e-02   3.4347608e-02   3.4139161e-02   3.3891128e-02   3.3617786e-02   3.3181501e-02   3.2681245e-02   3.2064022e-02   3.1257433e-02   3.0289554e-02   2.9037185e-02   2.6961106e-02   2.4287368e-02   2.2148762e-02   1.9991773e-02   1.8035753e-02   1.5734286e-02   1.3374699e-02   1.0969486e-02   9.0405696e-03   1.1594472e-02
   3.3534404e-02   3.4166747e-02   3.4522335e-02   3.4590024e-02   3.4429327e-02   3.4176491e-02   3.3912161e-02   3.3586659e-02   3.3123799e-02   3.2511343e-02   3.1824737e-02   3.1175169e-02   3.0606953e-02   3.0134083e-02   2.9659390e-02   2.9174034e-02   2.8560172e-02   2.7895326e-02   2.7137254e-02   2.6211818e-02   2.5142115e-02   2.3814168e-02   2.1712180e-02   1.9096091e-02   1.7032231e-02   1.4913915e-02   1.2823596e-02   1.0319568e-02   7.5940248e-03   4.6286880e-03   1.8812010e-03   4.3079658e-03
   3.5010240e-02   3.5011405e-02   3.4709926e-02   3.4085377e-02   3.3206825e-02   3.2252207e-02   3.1346233e-02   3.0451172e-02   2.9483438e-02   2.8427574e-02   2.7365124e-02   2.6408328e-02   2.5586633e-02   2.4907869e-02   2.4260953e-02   2.3616521e-02   2.2875429e-02   2.2094598e-02   2.1241101e-02   2.0240192e-02   1.9110305e-02   1.7745521e-02   1.5651000e-02   1.3105418e-02   1.1106877e-02   8.9960497e-03   6.7155585e-03   3.9787190e-03   8.8186404e-04  -2.6056750e-03  -6.0812262e-03  -3.8189294e-03
   3.4796605e-02   3.4144152e-02   3.3165934e-02   3.1839880e-02   3.0255982e-02   2.8638990e-02   2.7150605e-02   2.5754919e-02   2.4355296e-02   2.2930132e-02   2.1563700e-02   2.0365835e-02   1.9350658e-02   1.8519636e-02   1.7749264e-02   1.6992736e-02   1.6168214e-02   1.5313475e-02   1.4403482e-02   1.3364110e-02   1.2209500e-02   1.0840894e-02   8.7830767e-03   6.3206443e-03   4.3803162e-03   2.2504447e-03  -2.5881653e-04  -3.2292153e-03  -6.6562208e-03  -1.0562080e-02  -1.4586441e-02  -1.2528413e-02
   3.2895859e-02   3.1573714e-02   2.9907426e-02   2.7883128e-02   2.5623662e-02   2.3402556e-02   2.1407021e-02   1.9591119e-02   1.7839873e-02   1.6123148e-02   1.4524914e-02   1.3149855e-02   1.1997308e-02   1.1062656e-02   1.0212231e-02   9.3850885e-03   8.5152403e-03   7.6231468e-03   6.6903775e-03   5.6446835e-03   4.4962956e-03   3.1530779e-03   1.1595444e-03  -1.2046337e-03  -3.0877532e-03  -5.2483639e-03  -7.9842208e-03  -1.1138970e-02  -1.4789331e-02  -1.8929747e-02  -2.3228840e-02  -2.1420887e-02
   2.9332240e-02   2.7336344e-02   2.4988020e-02   2.2292337e-02   1.9413982e-02   1.6670779e-02   1.4259809e-02   1.2114059e-02   1.0097117e-02   8.1692162e-03   6.4115467e-03   4.9214659e-03   3.6847521e-03   2.6912522e-03   1.8000912e-03   9.3965165e-04   5.8307079e-05  -8.3865629e-04  -1.7641787e-03  -2.7873694e-03  -3.9015058e-03  -5.1921988e-03  -7.0930621e-03  -9.3380098e-03  -1.1153643e-02  -1.3329800e-02  -1.6226485e-02  -1.9449467e-02  -2.3138299e-02  -2.7245904e-02  -3.1458866e-02  -2.9952670e-02
   2.4166058e-02   2.1515368e-02   1.8521282e-02   1.5216823e-02   1.1811187e-02   8.6544073e-03   5.9359947e-03   3.5602744e-03   1.3696024e-03  -6.8512357e-04  -2.5277370e-03  -4.0702372e-03  -5.3387823e-03  -6.3483938e-03  -7.2433863e-03  -8.1023512e-03  -8.9640952e-03  -9.8359905e-03  -1.0726447e-02  -1.1700135e-02  -1.2753366e-02  -1.3964745e-02  -1.5741005e-02  -1.7835804e-02  -1.9556899e-02  -2.1695801e-02  -2.4608166e-02  -2.7708647e-02  -3.1173832e-02  -3.4910962e-02  -3.8619586e-02  -3.7467976e-02
   1.7516150e-02   1.4266116e-02   1.0705955e-02   6.9013961e-03   3.1005651e-03  -3.3296375e-04  -3.2336285e-03  -5.7282687e-03  -7.9921341e-03  -1.0082354e-02  -1.1930317e-02  -1.3459659e-02  -1.4706490e-02  -1.5689903e-02  -1.6552814e-02  -1.7376726e-02  -1.8189251e-02  -1.9007439e-02  -1.9835983e-02  -2.0733731e-02  -2.1699442e-02  -2.2803524e-02  -2.4417266e-02  -2.6317797e-02  -2.7897050e-02  -2.9903348e-02  -3.2605266e-02  -3.5325845e-02  -3.8248755e-02  -4.1243487e-02  -4.4027140e-02  -4.3275574e-02
   9.5855237e-03   5.8410545e-03   1.8489501e-03  -2.2934652e-03  -6.3131938e-03  -9.8564705e-03  -1.2794965e-02  -1.5283712e-02  -1.7508937e-02  -1.9533897e-02  -2.1300635e-02  -2.2746997e-02  -2.3916491e-02  -2.4831208e-02  -2.5626563e-02  -2.6382500e-02  -2.7117121e-02  -2.7853710e-02  -2.8593897e-02  -2.9389252e-02  -3.0240274e-02  -3.1207251e-02  -3.2613986e-02  -3.4262962e-02  -3.5634130e-02  -3.7375098e-02  -3.9578504e-02  -4.1624016e-02  -4.3673454e-02  -4.5578313e-02  -4.7088721e-02  -4.6765638e-02
   6.8635490e-04  -3.3879156e-03  -7.6160206e-03  -1.1876653e-02  -1.5893778e-02  -1.9349603e-02  -2.2162151e-02  -2.4506460e-02  -2.6570530e-02  -2.8421343e-02  -3.0015031e-02  -3.1306094e-02  -3.2342069e-02  -3.3146529e-02  -3.3840164e-02  -3.4496645e-02  -3.5126262e-02  -3.5754760e-02  -3.6381214e-02  -3.7048483e-02  -3.7758020e-02  -3.8557555e-02  -3.9709241e-02  -4.1041761e-02  -4.2127717e-02  -4.3450946e-02  -4.4848288e-02  -4.5935877e-02  -4.6830472e-02  -4.7392880e-02  -4.7429496e-02  -4.7539060e-02
  -8.7393443e-03  -1.2913966e-02  -1.7119363e-02  -2.1224534e-02  -2.4978640e-02  -2.8126649e-02  -3.0636943e-02  -3.2691490e-02  -3.4468613e-02  -3.6035902e-02  -3.7366571e-02  -3.8433387e-02  -3.9283673e-02  -3.9940489e-02  -4.0502173e-02  -4.1031565e-02  -4.1532811e-02  -4.2030323e-02  -4.2521010e-02  -4.3037829e-02  -4.3582393e-02  -4.4187432e-02  -4.5039813e-02  -4.5994894e-02  -4.6722163e-02  -4.7484235e-02  -4.7809060e-02  -4.7730089e-02  -4.7303201e-02  -4.6425751e-02  -4.4984084e-02  -4.5504027e-02
  -1.8110807e-02  -2.2096207e-02  -2.5968520e-02  -2.9607567e-02  -3.2819523e-02  -3.5435827e-02  -3.7472625e-02  -3.9101435e-02  -4.0477846e-02  -4.1666012e-02  -4.2657802e-02  -4.3444320e-02  -4.4067904e-02  -4.4548821e-02  -4.4956289e-02  -4.5338519e-02  -4.5695132e-02  -4.6045804e-02  -4.6385612e-02  -4.6736946e-02  -4.7100872e-02  -4.7493334e-02  -4.8016193e-02  -4.8551785e-02  -4.8868214e-02  -4.8967561e-02  -4.8057591e-02  -4.6732135e-02  -4.4976066e-02  -4.2742616e-02  -4.0014334e-02  -4.0899487e-02
  -2.6725030e-02  -3.0192654e-02  -3.3399637e-02  -3.6261229e-02  -3.8670607e-02  -4.0560810e-02  -4.1985081e-02  -4.3084408e-02  -4.3978478e-02  -4.4723238e-02  -4.5328629e-02  -4.5802267e-02  -4.6176986e-02  -4.6468080e-02  -4.6711225e-02  -4.6937631e-02  -4.7143946e-02  -4.7342514e-02  -4.7526919e-02  -4.7709114e-02  -4.7889071e-02  -4.8065434e-02  -4.8252228e-02  -4.8358600e-02  -4.8248333e-02  -4.7651585e-02  -4.5492222e-02  -4.2994550e-02  -4.0065302e-02  -3.6720962e-02  -3.3045038e-02  -3.4235037e-02
  -3.3814830e-02  -3.6439278e-02  -3.8676990e-02  -4.0502414e-02  -4.1916236e-02  -4.2954059e-02  -4.3687723e-02  -4.4208120e-02  -4.4588162e-02  -4.4870905e-02  -4.5081527e-02  -4.5240684e-02  -4.5368361e-02  -4.5473295e-02  -4.5556719e-02  -4.5632345e-02  -4.5695285e-02  -4.5749100e-02  -4.5786232e-02  -4.5809241e-02  -4.5816674e-02  -4.5790938e-02  -4.5663644e-02  -4.5369628e-02  -4.4859559e-02  -4.3611441e-02  -4.0342119e-02  -3.6885714e-02  -3.3065984e-02  -2.8959438e-02  -2.4745095e-02  -2.6173562e-02
  -3.8654856e-02  -4.0172746e-02  -4.1226479e-02  -4.1865652e-02  -4.2202376e-02  -4.2359289e-02  -4.2403725e-02  -4.2361799e-02  -4.2253704e-02  -4.2106165e-02  -4.1955175e-02  -4.1830041e-02  -4.1736506e-02  -4.1676107e-02  -4.1618587e-02  -4.1561613e-02  -4.1499998e-02  -4.1428310e-02  -4.1338203e-02  -4.1224687e-02  -4.1084789e-02  -4.0887182e-02  -4.0493953e-02  -3.9863216e-02  -3.9018335e-02  -3.7231452e-02  -3.3112559e-02  -2.9001299e-02  -2.4637828e-02  -2.0149597e-02  -1.5800014e-02  -1.7402671e-02
  -4.0698368e-02  -4.0967303e-02  -4.0762493e-02  -4.0210879e-02  -3.9520779e-02  -3.8872986e-02  -3.8308352e-02  -3.7782309e-02  -3.7263022e-02  -3.6759664e-02  -3.6314109e-02  -3.5959975e-02  -3.5689513e-02  -3.5497477e-02  -3.5328259e-02  -3.5166485e-02  -3.5007634e-02  -3.4838151e-02  -3.4649230e-02  -3.4430664e-02  -3.4178056e-02  -3.3849823e-02  -3.3256282e-02  -3.2375206e-02  -3.1285038e-02  -2.9114512e-02  -2.4469615e-02  -2.0035675e-02  -1.5475201e-02  -1.0956241e-02  -6.8140886e-03  -8.5340739e-03
  -3.9701517e-02  -3.8735882e-02  -3.7357103e-02  -3.5756577e-02  -3.4208491e-02  -3.2917362e-02  -3.1882460e-02  -3.0992993e-02  -3.0172329e-02  -2.9413390e-02  -2.8759524e-02  -2.8245103e-02  -2.7851405e-02  -2.7567672e-02  -2.7320901e-02  -2.7086540e-02  -2.6861369e-02  -2.6625335e-02  -2.6369439e-02  -2.6080667e-02  -2.5753448e-02  -2.5339734e-02  -2.4617412e-02  -2.3579546e-02  -2.2341293e-02  -1.9954600e-02  -1.5110392e-02  -1.0660644e-02  -6.2030818e-03  -1.9369994e-03   1.7420724e-03  -4.7774733e-05
  -3.5784235e-02  -3.3751374e-02  -3.1420274e-02  -2.9023097e-02  -2.6863164e-02  -2.5137445e-02  -2.3798581e-02  -2.2682934e-02  -2.1681014e-02  -2.0772823e-02  -1.9999907e-02  -1.9394965e-02  -1.8931807e-02  -1.8595915e-02  -1.8305127e-02  -1.8029682e-02  -1.7767986e-02  -1.7495452e-02  -1.7203098e-02  -1.6877234e-02  -1.6511434e-02  -1.6054757e-02  -1.5270688e-02  -1.4163107e-02  -1.2867173e-02  -1.0419005e-02  -5.6605199e-03  -1.4434979e-03   2.6815791e-03   6.4922756e-03   9.5433789e-03   7.7226450e-03
  -2.9399876e-02  -2.6578181e-02  -2.3600218e-02  -2.0711779e-02  -1.8211256e-02  -1.6265892e-02  -1.4786265e-02  -1.3574583e-02  -1.2502402e-02  -1.1541199e-02  -1.0728712e-02  -1.0094597e-02  -9.6088724e-03  -9.2550801e-03  -8.9492174e-03  -8.6598099e-03  -8.3869469e-03  -8.1034668e-03  -7.8005731e-03  -7.4655254e-03  -7.0913874e-03  -6.6273029e-03  -5.8372936e-03  -4.7320212e-03  -3.4530656e-03  -1.0701988e-03   3.3824342e-03   7.1885941e-03   1.0826029e-02   1.4056557e-02   1.6395449e-02   1.4576992e-02
  -2.1227723e-02  -1.7944892e-02  -1.4646703e-02  -1.1568582e-02  -8.9784635e-03  -7.0024957e-03  -5.5203940e-03  -4.3200536e-03  -3.2673709e-03  -2.3297639e-03  -1.5402097e-03  -9.2475724e-04  -4.5284856e-04  -1.0768512e-04   1.9087072e-04   4.7329370e-04   7.3795410e-04   1.0128479e-03   1.3064535e-03   1.6295007e-03   1.9891113e-03   2.4337964e-03   3.1878173e-03   4.2369881e-03   5.4432955e-03   7.6672830e-03   1.1663593e-02   1.4948282e-02   1.8009372e-02   2.0600055e-02   2.2206868e-02   2.0421215e-02
  -1.2034659e-02  -8.6089081e-03  -5.2865253e-03  -2.2752899e-03   2.0249618e-04   2.0637433e-03   3.4455342e-03   4.5566003e-03   5.5257846e-03   6.3859033e-03   7.1089698e-03   7.6726122e-03   8.1055360e-03   8.4236638e-03   8.6993572e-03   8.9602409e-03   9.2034058e-03   9.4562807e-03   9.7269104e-03   1.0023466e-02   1.0352972e-02   1.0760030e-02   1.1449599e-02   1.2406345e-02   1.3502496e-02   1.5505607e-02   1.8957684e-02   2.1666774e-02   2.4115657e-02   2.6056067e-02   2.6958179e-02   2.5235855e-02
  -2.5550517e-03   7.4586277e-04   3.8582845e-03   6.6119637e-03   8.8359764e-03   1.0485679e-02   1.1701160e-02   1.2674180e-02   1.3520562e-02   1.4270549e-02   1.4900956e-02   1.5392919e-02   1.5771724e-02   1.6051622e-02   1.6294930e-02   1.6525354e-02   1.6739020e-02   1.6961750e-02   1.7201052e-02   1.7462388e-02   1.7752456e-02   1.8110969e-02   1.8719012e-02   1.9561657e-02   2.0525362e-02   2.2271993e-02   2.5141629e-02   2.7263206e-02   2.9102067e-02   3.0416003e-02   3.0673414e-02   2.9046390e-02
   6.5841902e-03   9.5628623e-03   1.2304386e-02   1.4679424e-02   1.6566976e-02   1.7952599e-02   1.8967915e-02   1.9778830e-02   2.0483585e-02   2.1108126e-02   2.1633712e-02   2.2044734e-02   2.2362262e-02   2.2598452e-02   2.2804631e-02   2.3000127e-02   2.3180430e-02   2.3369045e-02   2.3572858e-02   2.3794737e-02   2.4040879e-02   2.4345585e-02   2.4863816e-02   2.5581916e-02   2.6402575e-02   2.7877290e-02   3.0161798e-02   3.1712209e-02   3.2968467e-02   3.3702357e-02   3.3397138e-02   3.1898894e-02
   1.4892915e-02   1.7425187e-02   1.9704808e-02   2.1641824e-02   2.3159178e-02   2.4263317e-02   2.5069208e-02   2.5712408e-02   2.6271743e-02   2.6768107e-02   2.7186810e-02   2.7515262e-02   2.7770098e-02   2.7961235e-02   2.8128999e-02   2.8288328e-02   2.8434366e-02   2.8587886e-02   2.8755085e-02   2.8936499e-02   2.9137701e-02   2.9387402e-02   2.9813872e-02   3.0405096e-02   3.1080602e-02   3.2282496e-02   3.4002417e-02   3.5015371e-02   3.5732903e-02   3.5948538e-02   3.5177933e-02   3.3842233e-02
   2.2015804e-02   2.4042379e-02   2.5826710e-02   2.7313751e-02   2.8462563e-02   2.9292039e-02   2.9895662e-02   3.0377610e-02   3.0797454e-02   3.1171011e-02   3.1487290e-02   3.1736495e-02   3.1930980e-02   3.2078460e-02   3.2208836e-02   3.2332920e-02   3.2445750e-02   3.2565182e-02   3.2696685e-02   3.2838790e-02   3.2996371e-02   3.3192615e-02   3.3529746e-02   3.3997457e-02   3.4531773e-02   3.5470262e-02   3.6661006e-02   3.7181321e-02   3.7415971e-02   3.7186535e-02   3.6057694e-02   3.4916405e-02
   2.7714632e-02   2.9226174e-02   3.0522815e-02   3.1579110e-02   3.2382749e-02   3.2958508e-02   3.3376334e-02   3.3710266e-02   3.4002020e-02   3.4262736e-02   3.4484806e-02   3.4660997e-02   3.4799718e-02   3.4906620e-02   3.5002074e-02   3.5093184e-02   3.5175064e-02   3.5262651e-02   3.5360674e-02   3.5465992e-02   3.5582753e-02   3.5728873e-02   3.5982047e-02   3.6333630e-02   3.6735181e-02   3.7427347e-02   3.8135098e-02   3.8216576e-02   3.8034203e-02   3.7441217e-02   3.6065329e-02   3.5145748e-02
   3.1844263e-02   3.2864165e-02   3.3705154e-02   3.4366869e-02   3.4859558e-02   3.5209228e-02   3.5462089e-02   3.5664496e-02   3.5842272e-02   3.6002484e-02   3.6140562e-02   3.6251563e-02   3.6340371e-02   3.6410746e-02   3.6474601e-02   3.6535819e-02   3.6589709e-02   3.6648427e-02   3.6715976e-02   3.6787866e-02   3.6867526e-02   3.6968002e-02   3.7144634e-02   3.7390390e-02   3.7671022e-02   3.8139992e-02   3.8420266e-02   3.8125196e-02   3.7599495e-02   3.6728528e-02   3.5213456e-02   3.4535657e-02
   3.4326860e-02   3.4895967e-02   3.5325190e-02   3.5636031e-02   3.5856455e-02   3.6010291e-02   3.6120814e-02   3.6209677e-02   3.6288950e-02   3.6362244e-02   3.6427637e-02   3.6482152e-02   3.6527600e-02   3.6566056e-02   3.6602140e-02   3.6637033e-02   3.6666303e-02   3.6699566e-02   3.6740127e-02   3.6782460e-02   3.6829315e-02   3.6889384e-02   3.6998284e-02   3.7150615e-02   3.7324724e-02   3.7598252e-02   3.7514511e-02   3.6911851e-02   3.6120095e-02   3.5054810e-02   3.3497296e-02   3.3071932e-02
   3.5127796e-02   3.5294541e-02   3.5361165e-02   3.5368422e-02   3.5357436e-02   3.5346947e-02   3.5338678e-02   3.5332829e-02   3.5329895e-02   3.5330618e-02   3.5335263e-02   3.5342483e-02   3.5351503e-02   3.5362954e-02   3.5375390e-02   3.5387812e-02   3.5396082e-02   3.5407565e-02   3.5424925e-02   3.5441892e-02   3.5460606e-02   3.5485990e-02   3.5536863e-02   3.5609488e-02   3.5693052e-02   3.5801711e-02   3.5422158e-02   3.4583110e-02   3.3600119e-02   3.2416132e-02   3.0895670e-02   3.0722554e-02
   3.4237996e-02   3.4054852e-02   3.3811903e-02   3.3565972e-02   3.3366314e-02   3.3223943e-02   3.3120978e-02   3.3039704e-02   3.2971263e-02   3.2914083e-02   3.2870149e-02   3.2839415e-02   3.2819055e-02   3.2808522e-02   3.2801567e-02   3.2795514e-02   3.2786533e-02   3.2780060e-02   3.2778172e-02   3.2774146e-02   3.2769586e-02   3.2766277e-02   3.2769248e-02   3.2776379e-02   3.2785846e-02   3.2760839e-02   3.2153511e-02   3.1145654e-02   3.0038147e-02   2.8798805e-02   2.7374789e-02   2.7442411e-02
   3.1667605e-02   3.1191500e-02   3.0696313e-02   3.0250513e-02   2.9906124e-02   2.9664434e-02   2.9490631e-02   2.9352924e-02   2.9235358e-02   2.9134613e-02   2.9053956e-02   2.8994357e-02   2.8951487e-02   2.8923906e-02   2.8901793e-02   2.8881257e-02   2.8858786e-02   2.8838203e-02   2.8821071e-02   2.8800469e-02   2.8777549e-02   2.8751588e-02   2.8716740e-02   2.8672314e-02   2.8623563e-02   2.8494648e-02   2.7722584e-02   2.6605120e-02   2.5428608e-02   2.4183831e-02   2.2896027e-02   2.3182110e-02
   2.7453007e-02   2.6745701e-02   2.6058824e-02   2.5467252e-02   2.5021013e-02   2.4710876e-02   2.4488481e-02   2.4311919e-02   2.4160343e-02   2.4029243e-02   2.3922791e-02   2.3842733e-02   2.3783749e-02   2.3743777e-02   2.3710548e-02   2.3679363e-02   2.3647049e-02   2.3616096e-02   2.3587631e-02   2.3554767e-02   2.3518275e-02   2.3475527e-02   2.3412497e-02   2.3329565e-02   2.3237180e-02   2.3031305e-02   2.2149644e-02   2.0971596e-02   1.9770423e-02   1.8558058e-02   1.7429139e-02   1.7902301e-02
   2.1674943e-02   2.0800467e-02   1.9981746e-02   1.9295183e-02   1.8785646e-02   1.8434051e-02   1.8182255e-02   1.7981948e-02   1.7809374e-02   1.7659334e-02   1.7536599e-02   1.7443469e-02   1.7374053e-02   1.7325902e-02   1.7285264e-02   1.7246964e-02   1.7208194e-02   1.7170360e-02   1.7134236e-02   1.7093154e-02   1.7047571e-02   1.6993505e-02   1.6911148e-02   1.6801494e-02   1.6678419e-02   1.6419221e-02   1.5474753e-02   1.4275950e-02   1.3085248e-02   1.1933309e-02   1.0971990e-02   1.1594472e-02
   1.4482809e-02   1.3502014e-02   1.2605209e-02   1.1866882e-02   1.1325541e-02   1.0954059e-02   1.0688127e-02   1.0476159e-02   1.0293083e-02   1.0133417e-02   1.0002258e-02   9.9022477e-03   9.8272351e-03   9.7745511e-03   9.7297476e-03   9.6874424e-03   9.6452176e-03   9.6036008e-03   9.5630958e-03   9.5174006e-03   9.4667185e-03   9.4061917e-03   9.3123160e-03   9.1862286e-03   9.0436839e-03   8.7515281e-03   7.7836310e-03   6.5967214e-03   5.4443825e-03   4.3727662e-03   3.5767288e-03   4.3079657e-03
   6.1204200e-03   5.0850909e-03   4.1535505e-03   3.3966781e-03   2.8469393e-03   2.4714142e-03   2.2026495e-03   1.9881122e-03   1.8025657e-03   1.6405124e-03   1.5071349e-03   1.4052058e-03   1.3285201e-03   1.2743053e-03   1.2280276e-03   1.1843022e-03   1.1411169e-03   1.0982992e-03   1.0561536e-03   1.0088557e-03   9.5640507e-04   8.9347199e-04   7.9459658e-04   6.6069384e-04   5.0813587e-04   2.0018525e-04  -7.5844390e-04  -1.9068019e-03  -2.9993493e-03  -3.9780936e-03  -4.6194893e-03  -3.8189294e-03
  -3.0501684e-03  -4.1009944e-03  -5.0359805e-03  -5.7882389e-03  -6.3304073e-03  -6.6991674e-03  -6.9628947e-03  -7.1735114e-03  -7.3556832e-03  -7.5147738e-03  -7.6457240e-03  -7.7458192e-03  -7.8211887e-03  -7.8746314e-03  -7.9203176e-03  -7.9634792e-03  -8.0057265e-03  -8.0477777e-03  -8.0894706e-03  -8.1360788e-03  -8.1877616e-03  -8.2500037e-03  -8.3488427e-03  -8.4837975e-03  -8.6388057e-03  -8.9487924e-03  -9.8725189e-03  -1.0961996e-02  -1.1980170e-02  -1.2860599e-02  -1.3363644e-02  -1.2528413e-02
  -1.2531458e-02  -1.3572035e-02  -1.4490408e-02  -1.5223483e-02  -1.5748146e-02  -1.6103378e-02  -1.6357017e-02  -1.6559438e-02  -1.6734323e-02  -1.6886838e-02  -1.7012208e-02  -1.7107917e-02  -1.7179937e-02  -1.7231042e-02  -1.7274739e-02  -1.7315999e-02  -1.7356058e-02  -1.7396043e-02  -1.7435894e-02  -1.7480302e-02  -1.7529546e-02  -1.7589041e-02  -1.7684414e-02  -1.7815672e-02  -1.7967652e-02  -1.8269737e-02  -1.9141249e-02  -2.0159174e-02  -2.1096012e-02  -2.1879519e-02  -2.2263675e-02  -2.1420887e-02
  -2.1689807e-02  -2.2706027e-02  -2.3597093e-02  -2.4303383e-02  -2.4805487e-02  -2.5143788e-02  -2.5384741e-02  -2.5576715e-02  -2.5742236e-02  -2.5886254e-02  -2.6004374e-02  -2.6094356e-02  -2.6161964e-02  -2.6209914e-02  -2.6250900e-02  -2.6289572e-02  -2.6326842e-02  -2.6364128e-02  -2.6401443e-02  -2.6442915e-02  -2.6488906e-02  -2.6544631e-02  -2.6634718e-02  -2.6759604e-02  -2.6905300e-02  -2.7193703e-02  -2.8005231e-02  -2.8947885e-02  -2.9804492e-02  -3.0498842e-02  -3.0784948e-02  -2.9952670e-02
  -2.9786833e-02  -3.0773984e-02  -3.1634801e-02  -3.2312713e-02  -3.2791576e-02  -3.3112649e-02  -3.3340672e-02  -3.3521941e-02  -3.3677846e-02  -3.3813141e-02  -3.3923818e-02  -3.4007925e-02  -3.4071007e-02  -3.4115704e-02  -3.4153892e-02  -3.4189902e-02  -3.4224383e-02  -3.4258946e-02  -3.4293661e-02  -3.4332157e-02  -3.4374855e-02  -3.4426721e-02  -3.4511181e-02  -3.4628986e-02  -3.4767327e-02  -3.5040416e-02  -3.5794077e-02  -3.6667173e-02  -3.7452589e-02  -3.8071382e-02  -3.8280935e-02  -3.7467976e-02
  -3.6056943e-02  -3.7017796e-02  -3.7852112e-02  -3.8505603e-02  -3.8964726e-02  -3.9271279e-02  -3.9488409e-02  -3.9660649e-02  -3.9808449e-02  -3.9936401e-02  -4.0040828e-02  -4.0120015e-02  -4.0179313e-02  -4.0221293e-02  -4.0257148e-02  -4.0290941e-02  -4.0323138e-02  -4.0355464e-02  -4.0388028e-02  -4.0424080e-02  -4.0464072e-02  -4.0512755e-02  -4.0592477e-02  -4.0704185e-02  -4.0836034e-02  -4.1095859e-02  -4.1802767e-02  -4.2620842e-02  -4.3351306e-02  -4.3913413e-02  -4.4068739e-02  -4.3275574e-02
  -3.9829330e-02  -4.0772454e-02  -4.1589578e-02  -4.2227441e-02  -4.2674023e-02  -4.2971393e-02  -4.3181643e-02  -4.3348182e-02  -4.3490872e-02  -4.3614204e-02  -4.3714707e-02  -4.3790816e-02  -4.3847754e-02  -4.3888041e-02  -4.3922446e-02  -4.3954863e-02  -4.3985654e-02  -4.4016603e-02  -4.4047838e-02  -4.4082386e-02  -4.4120715e-02  -4.4167436e-02  -4.4244207e-02  -4.4352072e-02  -4.4479773e-02  -4.4731197e-02  -4.5409466e-02  -4.6194155e-02  -4.6891712e-02  -4.7420403e-02  -4.7545027e-02  -4.6765638e-02
