   0.0000000e+00   3.1522551e-03  -1.7479370e-02  -2.4791832e-03
   4.9087385e-02   2.2929940e-03  -1.7496046e-02   1.6806241e-03
   9.8174770e-02   1.4376408e-03  -1.7325900e-02   5.1382822e-03
   1.4726216e-01   5.9453973e-04  -1.7002087e-02   7.9561468e-03
   1.9634954e-01  -2.2949843e-04  -1.6553607e-02   1.0236715e-02
   2.4543693e-01  -1.0289546e-03  -1.6003951e-02   1.2098455e-02
   2.9452431e-01  -1.7993193e-03  -1.5370793e-02   1.3657239e-02
   3.4361170e-01  -2.5368162e-03  -1.4666439e-02   1.5014577e-02
   3.9269908e-01  -3.2381583e-03  -1.3898695e-02   1.6251668e-02
   4.4178647e-01  -3.9003529e-03  -1.3071930e-02   1.7427198e-02
   4.9087385e-01  -4.5205605e-03  -1.2188194e-02   1.8576906e-02
   5.3996124e-01  -5.0960080e-03  -1.1248342e-02   1.9713967e-02
   5.8904862e-01  -5.6239572e-03  -1.0253107e-02   2.0830435e-02
   6.3813601e-01  -6.1017232e-03  -9.2040676e-03   2.1900751e-02
   6.8722339e-01  -6.5267343e-03  -8.1043615e-03   2.2888159e-02
   7.3631078e-01  -6.8966194e-03  -6.9590247e-03   2.3753800e-02
   7.8539816e-01  -7.2092988e-03  -5.7748450e-03   2.4466754e-02
   8.3448555e-01  -7.4630576e-03  -4.5597600e-03   2.5012099e-02
   8.8357293e-01  -7.6565811e-03  -3.3219735e-03   2.5393838e-02
   9.3266032e-01  -7.7889453e-03  -2.0690952e-03   2.5630956e-02
   9.8174770e-01  -7.8595741e-03  -8.0762765e-04   2.5747605e-02
   1.0308351e+00  -7.8681827e-03   4.5699423e-04   2.5761299e-02
   1.0799225e+00  -7.8147376e-03   1.7198457e-03   2.5674418e-02
   1.1290099e+00  -7.6994510e-03   2.9757067e-03   2.5473058e-02
   1.1780972e+00  -7.5228130e-03   4.2183994e-03   2.5133768e-02
   1.2271846e+00  -7.2856456e-03   5.4405914e-03   2.4634970e-02
   1.2762720e+00  -6.9891525e-03   6.6341667e-03   2.3967815e-02
   1.3253594e+00  -6.6349392e-03   7.7910200e-03   2.3141989e-02
   1.3744468e+00  -6.2249902e-03   8.9039678e-03   2.2184616e-02
   1.4235342e+00  -5.7616046e-03   9.9674527e-03   2.1133337e-02
   1.4726216e+00  -5.2473078e-03   1.0977824e-02   2.0026487e-02
   1.5217089e+00  -4.6847609e-03   1.1933130e-02   1.8893502e-02
   1.5707963e+00  -4.0766911e-03   1.2832491e-02   1.7747681e-02
   1.6198837e+00  -3.4258607e-03   1.3675190e-02   1.6581919e-02
   1.6689711e+00  -2.7350847e-03   1.4459622e-02   1.5366803e-02
   1.7180585e+00  -2.0073015e-03   1.5182171e-02   1.4050011e-02
   1.7671459e+00  -1.2456991e-03   1.5836098e-02   1.2556472e-02
   1.8162333e+00  -4.5389554e-04   1.6410442e-02   1.0789915e-02
   1.8653206e+00   3.6382965e-04   1.6889087e-02   8.6375521e-03
   1.9144080e+00   1.2022661e-03   1.7250162e-02   5.9800643e-03
   1.9634954e+00   2.0549883e-03   1.7466109e-02   2.7082923e-03
   2.0125828e+00   2.9140971e-03   1.7504719e-02  -1.2538679e-03
   2.0616702e+00   3.7700417e-03   1.7331388e-02  -5.9235941e-03
   2.1107576e+00   4.6115829e-03   1.6912599e-02  -1.1236283e-02
   2.1598449e+00   5.4259512e-03   1.6220292e-02  -1.7033444e-02
   2.2089323e+00   6.1992279e-03   1.5236417e-02  -2.3068549e-02
   2.2580197e+00   6.9169330e-03   1.3956668e-02  -2.9034314e-02
   2.3071071e+00   7.5647569e-03   1.2392413e-02  -3.4608185e-02
   2.3561945e+00   8.1293268e-03   1.0570142e-02  -3.9505006e-02
   2.4052819e+00   8.5988845e-03   8.5284931e-03  -4.3520634e-02
   2.4543693e+00   8.9637748e-03   6.3136832e-03  -4.6551067e-02
   2.5034566e+00   9.2166987e-03   3.9747676e-03  -4.8579985e-02
   2.5525440e+00   9.3527600e-03   1.5602007e-03  -4.9640485e-02
   2.6016314e+00   9.3693960e-03  -8.8343615e-04  -4.9768478e-02
   2.6507188e+00   9.2662971e-03  -3.3106589e-03  -4.8969310e-02
   2.6998062e+00   9.0453951e-03  -5.6753356e-03  -4.7213240e-02
   2.7488936e+00   8.7109297e-03  -7.9295028e-03  -4.4461900e-02
   2.7979810e+00   8.2695312e-03  -1.0024010e-02  -4.0713322e-02
   2.8470683e+00   7.7302169e-03  -1.1911412e-02  -3.6044617e-02
   2.8961557e+00   7.1042007e-03  -1.3550472e-02  -3.0632757e-02
   2.9452431e+00   6.4044689e-03  -1.4910943e-02  -2.4743994e-02
   2.9943305e+00   5.6451468e-03  -1.5977099e-02  -1.8695725e-02
   3.0434179e+00   4.8407438e-03  -1.6748991e-02  -1.2804593e-02
   3.0925053e+00   4.0054013e-03  -1.7241173e-02  -7.3376162e-03
   3.1415927e+00   3.1522551e-03  -1.7479370e-02  -2.4791832e-03
   3.1906800e+00   2.2929940e-03  -1.7496046e-02   1.6806241e-03
   3.2397674e+00   1.4376408e-03  -1.7325900e-02   5.1382822e-03
   3.2888548e+00   5.9453973e-04  -1.7002087e-02   7.9561468e-03
   3.3379422e+00  -2.2949843e-04  -1.6553607e-02   1.0236715e-02
   3.3870296e+00  -1.0289546e-03  -1.6003951e-02   1.2098455e-02
   3.4361170e+00  -1.7993193e-03  -1.5370793e-02   1.3657239e-02
   3.4852044e+00  -2.5368162e-03  -1.4666439e-02   1.5014577e-02
   3.5342917e+00  -3.2381583e-03  -1.3898695e-02   1.6251668e-02
   3.5833791e+00  -3.9003529e-03  -1.3071930e-02   1.7427198e-02
   3.6324665e+00  -4.5205605e-03  -1.2188194e-02   1.8576906e-02
   3.6815539e+00  -5.0960080e-03  -1.1248342e-02   1.9713967e-02
   3.7306413e+00  -5.6239572e-03  -1.0253107e-02   2.0830435e-02
   3.7797287e+00  -6.1017232e-03  -9.2040676e-03   2.1900751e-02
   3.8288160e+00  -6.5267343e-03  -8.1043615e-03   2.2888159e-02
   3.8779034e+00  -6.8966194e-03  -6.9590247e-03   2.3753800e-02
   3.9269908e+00  -7.2092988e-03  -5.7748450e-03   2.4466754e-02
   3.9760782e+00  -7.4630576e-03  -4.5597600e-03   2.5012099e-02
   4.0251656e+00  -7.6565811e-03  -3.3219735e-03   2.5393838e-02
   4.0742530e+00  -7.7889453e-03  -2.0690952e-03   2.5630956e-02
   4.1233404e+00  -7.8595741e-03  -8.0762765e-04   2.5747605e-02
   4.1724277e+00  -7.8681827e-03   4.5699423e-04   2.5761299e-02
   4.2215151e+00  -7.8147376e-03   1.7198457e-03   2.5674418e-02
   4.2706025e+00  -7.6994510e-03   2.9757067e-03   2.5473058e-02
   4.3196899e+00  -7.5228130e-03   4.2183994e-03   2.5133768e-02
   4.3687773e+00  -7.2856456e-03   5.4405914e-03   2.4634970e-02
   4.4178647e+00  -6.9891525e-03   6.6341667e-03   2.3967815e-02
   4.4669521e+00  -6.6349392e-03   7.7910200e-03   2.3141989e-02
   4.5160394e+00  -6.2249902e-03   8.9039678e-03   2.2184616e-02
   4.5651268e+00  -5.7616046e-03   9.9674527e-03   2.1133337e-02
   4.6142142e+00  -5.2473078e-03   1.0977824e-02   2.0026487e-02
   4.6633016e+00  -4.6847609e-03   1.1933130e-02   1.8893502e-02
   4.7123890e+00  -4.0766911e-03   1.2832491e-02   1.7747681e-02
   4.7614764e+00  -3.4258607e-03   1.3675190e-02   1.6581919e-02
   4.8105638e+00  -2.7350847e-03   1.4459622e-02   1.5366803e-02
   4.8596511e+00  -2.0073015e-03   1.5182171e-02   1.4050011e-02
   4.9087385e+00  -1.2456991e-03   1.5836098e-02   1.2556472e-02
   4.9578259e+00  -4.5389554e-04   1.6410442e-02   1.0789915e-02
   5.0069133e+00   3.6382965e-04   1.6889087e-02   8.6375521e-03
   5.0560007e+00   1.2022661e-03   1.7250162e-02   5.9800643e-03
   5.1050881e+00   2.0549883e-03   1.7466109e-02   2.7082923e-03
   5.1541754e+00   2.9140971e-03   1.7504719e-02  -1.2538679e-03
   5.2032628e+00   3.7700417e-03   1.7331388e-02  -5.9235941e-03
   5.2523502e+00   4.6115829e-03   1.6912599e-02  -1.1236283e-02
   5.3014376e+00   5.4259512e-03   1.6220292e-02  -1.7033444e-02
   5.3505250e+00   6.1992279e-03   1.5236417e-02  -2.3068549e-02
   5.3996124e+00   6.9169330e-03   1.3956668e-02  -2.9034314e-02
   5.4486998e+00   7.5647569e-03   1.2392413e-02  -3.4608185e-02
   5.4977871e+00   8.1293268e-03   1.0570142e-02  -3.9505006e-02
   5.5468745e+00   8.5988845e-03   8.5284931e-03  -4.3520634e-02
   5.5959619e+00   8.9637748e-03   6.3136832e-03  -4.6551067e-02
   5.6450493e+00   9.2166987e-03   3.9747676e-03  -4.8579985e-02
   5.6941367e+00   9.3527600e-03   1.5602007e-03  -4.9640485e-02
   5.7432241e+00   9.3693960e-03  -8.8343615e-04  -4.9768478e-02
   5.7923115e+00   9.2662971e-03  -3.3106589e-03  -4.8969310e-02
   5.8413988e+00   9.0453951e-03  -5.6753356e-03  -4.7213240e-02
   5.8904862e+00   8.7109297e-03  -7.9295028e-03  -4.4461900e-02
   5.9395736e+00   8.2695312e-03  -1.0024010e-02  -4.0713322e-02
   5.9886610e+00   7.7302169e-03  -1.1911412e-02  -3.6044617e-02
   6.0377484e+00   7.1042007e-03  -1.3550472e-02  -3.0632757e-02
   6.0868358e+00   6.4044689e-03  -1.4910943e-02  -2.4743994e-02
   6.1359232e+00   5.6451468e-03  -1.5977099e-02  -1.8695725e-02
   6.1850105e+00   4.8407438e-03  -1.6748991e-02  -1.2804593e-02
   6.2340979e+00   4.0054013e-03  -1.7241173e-02  -7.3376162e-03
