   0.0000000e+00  -1.0946625e-03   9.8372633e-02   8.8780108e-02
   4.9087385e-02   3.7930788e-03   9.9758657e-02  -3.4965542e-02
   9.8174770e-02   8.5940633e-03   9.4736889e-02  -1.7098491e-01
   1.4726216e-01   1.2982549e-02   8.2932842e-02  -3.0926058e-01
   1.9634954e-01   1.6628244e-02   6.4571366e-02  -4.3545007e-01
   2.4543693e-01   1.9230567e-02   4.0661121e-02  -5.3243168e-01
   2.9452431e-01   2.0559079e-02   1.3041565e-02  -5.8431258e-01
   3.4361170e-01   2.0490717e-02  -1.5804651e-02  -5.8160202e-01
   3.9269908e-01   1.9031905e-02  -4.3166613e-02  -5.2481305e-01
   4.4178647e-01   1.6317368e-02  -6.6608636e-02  -4.2425933e-01
   4.9087385e-01   1.2586081e-02  -8.4367453e-02  -2.9617805e-01
   5.3996124e-01   8.1432125e-03  -9.5515306e-02  -1.5756162e-01
   5.8904862e-01   3.3199561e-03  -9.9894448e-02  -2.2362817e-02
   6.3813601e-01  -1.5598381e-03  -9.7925898e-02   9.9818162e-02
   6.8722339e-01  -6.2029099e-03  -9.0403421e-02   2.0323341e-01
   7.3631078e-01  -1.0360639e-02  -7.8328372e-02   2.8503830e-01
   7.8539816e-01  -1.3836003e-02  -6.2782300e-02   3.4476622e-01
   8.3448555e-01  -1.6484736e-02  -4.4815220e-02   3.8412699e-01
   8.8357293e-01  -1.8211315e-02  -2.5349989e-02   4.0642903e-01
   9.3266032e-01  -1.8961277e-02  -5.1348542e-03   4.1518718e-01
   9.8174770e-01  -1.8713115e-02   1.5222822e-02   4.1235555e-01
   1.0308351e+00  -1.7473792e-02   3.5148631e-02   3.9725555e-01
   1.0799225e+00  -1.5280298e-02   5.3974954e-02   3.6695445e-01
   1.1290099e+00  -1.2206394e-02   7.0865562e-02   3.1782130e-01
   1.1780972e+00  -8.3710090e-03   8.4824578e-02   2.4721955e-01
   1.2271846e+00  -3.9443967e-03   9.4772963e-02   1.5448893e-01
   1.2762720e+00   8.5032340e-04   9.9654466e-02   4.1243816e-02
   1.3253594e+00   5.7411109e-03   9.8553044e-02  -8.8331879e-02
   1.3744468e+00   1.0417247e-02   9.0836247e-02  -2.2670028e-01
   1.4235342e+00   1.4547689e-02   7.6343325e-02  -3.6208154e-01
   1.4726216e+00   1.7809421e-02   5.5595130e-02  -4.7869380e-01
   1.5217089e+00   1.9924966e-02   2.9938438e-02  -5.5930956e-01
   1.5707963e+00   2.0702927e-02   1.5066850e-03  -5.8999478e-01
   1.6198837e+00   2.0070543e-02  -2.7067243e-02  -5.6500785e-01
   1.6689711e+00   1.8087059e-02  -5.3123805e-02  -4.8904251e-01
   1.7180585e+00   1.4932799e-02  -7.4460049e-02  -3.7538525e-01
   1.7671459e+00   1.0878136e-02  -8.9641457e-02  -2.4116695e-01
   1.8162333e+00   6.2432191e-03  -9.8065783e-02  -1.0248413e-01
   1.8653206e+00   1.3597532e-03  -9.9832463e-02   2.8423313e-02
   1.9144080e+00  -3.4584157e-03  -9.5534433e-02   1.4361020e-01
   1.9634954e+00  -7.9346290e-03  -8.6065608e-02   2.3858898e-01
   2.0125828e+00  -1.1840399e-02  -7.2473363e-02   3.1149856e-01
   2.0616702e+00  -1.4999958e-02  -5.5839514e-02   3.6277020e-01
   2.1107576e+00  -1.7289259e-02  -3.7172933e-02   3.9486560e-01
   2.1598449e+00  -1.8630226e-02  -1.7328284e-02   4.1138357e-01
   2.2089323e+00  -1.8982419e-02   3.0114728e-03   4.1541415e-01
   2.2580197e+00  -1.8335929e-02   2.3267805e-02   4.0791459e-01
   2.3071071e+00  -1.6709179e-02   4.2842779e-02   3.8717663e-01
   2.3561945e+00  -1.4152847e-02   6.1005972e-02   3.4976807e-01
   2.4052819e+00  -1.0757773e-02   7.6851763e-02   2.9228070e-01
   2.4543693e+00  -6.6628658e-03   8.9339463e-02   2.1279814e-01
   2.5034566e+00  -2.0596001e-03   9.7385777e-02   1.1155023e-01
   2.5525440e+00   2.8085742e-03   9.9975483e-02  -8.8818436e-03
   2.6016314e+00   7.6525420e-03   9.6286258e-02  -1.4309466e-01
   2.6507188e+00   1.2150738e-02   8.5849025e-02  -2.8193262e-01
   2.6998062e+00   1.5971347e-02   6.8751126e-02  -4.1187732e-01
   2.7488936e+00   1.8804670e-02   4.5833681e-02  -5.1611690e-01
   2.7979810e+00   2.0402913e-02   1.8775913e-02  -5.7809873e-01
   2.8470683e+00   2.0619012e-02  -1.0041529e-02  -5.8666294e-01
   2.8961557e+00   1.9432664e-02  -3.7913206e-02  -5.4018997e-01
   2.9452431e+00   1.6954094e-02  -6.2310212e-02  -4.4724172e-01
   2.9943305e+00   1.3404106e-02  -8.1312760e-02  -3.2328237e-01
   3.0434179e+00   9.0778871e-03  -9.3824231e-02  -1.8553049e-01
   3.0925053e+00   4.3043819e-03  -9.9545283e-02  -4.8734170e-02
   3.1415927e+00  -5.8888785e-04  -9.8797942e-02   7.6633333e-02
   3.1906800e+00  -5.3011227e-03  -9.2315871e-02   1.8413047e-01
   3.2397674e+00  -9.5739704e-03  -8.1069773e-02   2.7038980e-01
   3.2888548e+00  -1.3199768e-02  -6.6134307e-02   3.3448466e-01
   3.3379422e+00  -1.6023810e-02  -4.8574315e-02   3.7771061e-01
   3.3870296e+00  -1.7941311e-02  -2.9344190e-02   4.0314006e-01
   3.4361170e+00  -1.8890252e-02  -9.2274494e-03   4.1438969e-01
   3.4852044e+00  -1.8843031e-02   1.1147026e-02   4.1385179e-01
   3.5342917e+00  -1.7800971e-02   3.1208791e-02   4.0139660e-01
   3.5833791e+00  -1.5794617e-02   5.0317444e-02   3.7444470e-01
   3.6324665e+00  -1.2889661e-02   6.7672643e-02   3.2935722e-01
   3.6815539e+00  -9.1953484e-03   8.2306030e-02   2.6318999e-01
   3.7306413e+00  -4.8713359e-03   9.3147185e-02   1.7484744e-01
   3.7797287e+00  -1.3026291e-04   9.9126217e-02   6.5474588e-02
   3.8288160e+00   4.7650491e-03   9.9288606e-02  -6.1306150e-02
   3.8779034e+00   9.5104639e-03   9.2931362e-02  -1.9871159e-01
   3.9269908e+00   1.3777077e-02   7.9782042e-02  -3.3585136e-01
   3.9760782e+00   1.7237493e-02   6.0209282e-02  -4.5762626e-01
   4.0251656e+00   1.9601799e-02   3.5389760e-02  -5.4677111e-01
   4.0742530e+00   2.0658266e-02   7.3140536e-03  -5.8826120e-01
   4.1233404e+00   2.0308497e-02  -2.1451205e-02  -5.7440910e-01
   4.1724277e+00   1.8585334e-02  -4.8210395e-02  -5.0783034e-01
   4.2215151e+00   1.5646768e-02  -7.0636344e-02  -4.0040983e-01
   4.2706025e+00   1.1748212e-02  -8.7127177e-02  -2.6893485e-01
   4.3196899e+00   7.2030940e-03  -9.6919299e-02  -1.3001917e-01
   4.3687773e+00   2.3435001e-03  -9.9987117e-02   3.2214985e-03
   4.4178647e+00  -2.5112669e-03  -9.6841233e-02   1.2202653e-01
   4.4669521e+00  -7.0759522e-03  -8.8328337e-02   2.2129374e-01
   4.5160394e+00  -1.1111832e-02  -7.5475128e-02   2.9867518e-01
   4.5651268e+00  -1.4432453e-02  -5.9365549e-02   3.5415360e-01
   4.6142142e+00  -1.6903707e-02  -4.1031062e-02   3.8982677e-01
   4.6633016e+00  -1.8438922e-02  -2.1361384e-02   4.0917905e-01
   4.7123890e+00  -1.8990778e-02  -1.0713366e-03   4.1554942e-01
   4.7614764e+00  -1.8543620e-02   1.9248361e-02   4.1041203e-01
   4.8105638e+00  -1.7110075e-02   3.9013903e-02   3.9256041e-01
   4.8596511e+00  -1.4733825e-02   5.7527384e-02   3.5877733e-01
   4.9087385e+00  -1.1497000e-02   7.3917228e-02   3.0551017e-01
   4.9578259e+00  -7.5284221e-03   8.7163285e-02   2.3046665e-01
   5.0069133e+00  -3.0089572e-03   9.6182109e-02   1.3342869e-01
   5.0560007e+00   1.8279912e-03   9.9935545e-02   1.6488500e-02
   5.1050881e+00   6.7015970e-03   9.7551441e-02  -1.1557701e-01
   5.1541754e+00   1.1295302e-02   8.8475162e-02  -2.5443746e-01
   5.2032628e+00   1.5277059e-02   7.2665889e-02  -3.8743212e-01
   5.2523502e+00   1.8329725e-02   5.0802259e-02  -4.9820216e-01
   5.3014376e+00   2.0189855e-02   2.4399094e-02  -5.6975477e-01
   5.3505250e+00   2.0687628e-02  -4.2796459e-03  -5.8944819e-01
   5.3996124e+00   1.9776352e-02  -3.2554639e-02  -5.5357260e-01
   5.4486998e+00   1.7541100e-02  -5.7822203e-02  -4.6881177e-01
   5.4977871e+00   1.4183149e-02  -7.8015701e-02  -3.4964635e-01
   5.5468745e+00   9.9861189e-03  -9.1869427e-02  -2.1334542e-01
   5.5959619e+00   5.2753087e-03  -9.8935949e-02  -7.5376575e-02
   5.6450493e+00   3.8088473e-04  -9.9430362e-02   5.2904668e-02
   5.6941367e+00  -4.3894796e-03  -9.4019687e-02   1.6432500e-01
   5.7432241e+00  -8.7680870e-03  -8.3639040e-02   2.5497147e-01
   5.7923115e+00  -1.2536796e-02  -6.9351810e-02   3.2345423e-01
   5.8413988e+00  -1.5530414e-02  -5.2233525e-02   3.7064266e-01
   5.8904862e+00  -1.7634668e-02  -3.3267365e-02   3.9932572e-01
   5.9395736e+00  -1.8779694e-02  -1.3272496e-02   4.1314722e-01
   5.9886610e+00  -1.8931614e-02   7.0968180e-03   4.1487853e-01
   6.0377484e+00  -1.8086171e-02   2.7268619e-02   4.0493649e-01
   6.0868358e+00  -1.6267769e-02   4.6625652e-02   3.8115067e-01
   6.1359232e+00  -1.3534459e-02   6.4402778e-02   3.3994819e-01
   6.1850105e+00  -9.9861782e-03   7.9661638e-02   2.7812744e-01
   6.2340979e+00  -5.7721956e-03   9.1344535e-02   1.9417561e-01
