   0.0000000e+00  -2.0971225e-02   1.4255062e-02   2.5064571e-01
   4.9087385e-02  -1.9969454e-02   2.6561706e-02   2.5075634e-01
   9.8174770e-02  -1.8363558e-02   3.8865403e-02   2.5036568e-01
   1.4726216e-01  -1.6154795e-02   5.1107725e-02   2.4787215e-01
   1.9634954e-01  -1.3349788e-02   6.3116533e-02   2.4022049e-01
   2.4543693e-01  -9.9678540e-03   7.4536246e-02   2.2307198e-01
   2.9452431e-01  -6.0513061e-03   8.4780871e-02   1.9153442e-01
   3.4361170e-01  -1.6770330e-03   9.3031634e-02   1.4119744e-01
   3.9269908e-01   3.0330920e-03   9.8287222e-02   6.9209372e-02
   4.4178647e-01   7.9055451e-03   9.9465690e-02  -2.4693772e-02
   4.9087385e-01   1.2714723e-02   9.5556678e-02  -1.3715849e-01
   5.3996124e-01   1.7191221e-02   8.5823340e-02  -2.6026078e-01
   5.8904862e-01   2.1041005e-02   7.0039702e-02  -3.8114599e-01
   6.3813601e-01   2.3976168e-02   4.8712314e-02  -4.8319311e-01
   6.8722339e-01   2.5754290e-02   2.3191684e-02  -5.4937499e-01
   7.3631078e-01   2.6218456e-02  -4.4262821e-03  -5.6720946e-01
   7.8539816e-01   2.5326421e-02  -3.1638839e-02  -5.3314144e-01
   8.3448555e-01   2.3158896e-02  -5.6023636e-02  -4.5389153e-01
   8.8357293e-01   1.9903881e-02  -7.5695668e-02  -3.4394275e-01
   9.3266032e-01   1.5822763e-02  -8.9573447e-02  -2.2068498e-01
   9.8174770e-01   1.1209367e-02  -9.7402692e-02  -9.9798798e-02
   1.0308351e+00   6.3526971e-03  -9.9597995e-02   7.3941214e-03
   1.0799225e+00   1.5097684e-03  -9.7007725e-02   9.4505274e-02
   1.1290099e+00  -3.1099284e-03  -9.0684569e-02   1.5944266e-01
   1.1780972e+00  -7.3496717e-03  -8.1698952e-02   2.0340287e-01
   1.2271846e+00  -1.1102831e-02  -7.1002831e-02   2.2984613e-01
   1.2762720e+00  -1.4304738e-02  -5.9343943e-02   2.4345441e-01
   1.3253594e+00  -1.6921625e-02  -4.7232408e-02   2.4904803e-01
   1.3744468e+00  -1.8939207e-02  -3.4958803e-02   2.5061404e-01
   1.4235342e+00  -2.0353192e-02  -2.2651300e-02   2.5073436e-01
   1.4726216e+00  -2.1163055e-02  -1.0346534e-02   2.5061019e-01
   1.5217089e+00  -2.1369035e-02   1.9538132e-03   2.5057041e-01
   1.5707963e+00  -2.0971224e-02   1.4255062e-02   2.5064571e-01
   1.6198837e+00  -1.9969454e-02   2.6561706e-02   2.5075634e-01
   1.6689711e+00  -1.8363558e-02   3.8865403e-02   2.5036568e-01
   1.7180585e+00  -1.6154795e-02   5.1107725e-02   2.4787215e-01
   1.7671459e+00  -1.3349788e-02   6.3116534e-02   2.4022049e-01
   1.8162333e+00  -9.9678539e-03   7.4536246e-02   2.2307198e-01
   1.8653206e+00  -6.0513060e-03   8.4780871e-02   1.9153442e-01
   1.9144080e+00  -1.6770329e-03   9.3031634e-02   1.4119744e-01
   1.9634954e+00   3.0330920e-03   9.8287222e-02   6.9209371e-02
   2.0125828e+00   7.9055451e-03   9.9465690e-02  -2.4693772e-02
   2.0616702e+00   1.2714723e-02   9.5556678e-02  -1.3715849e-01
   2.1107576e+00   1.7191221e-02   8.5823340e-02  -2.6026078e-01
   2.1598449e+00   2.1041005e-02   7.0039702e-02  -3.8114599e-01
   2.2089323e+00   2.3976168e-02   4.8712314e-02  -4.8319311e-01
   2.2580197e+00   2.5754290e-02   2.3191684e-02  -5.4937499e-01
   2.3071071e+00   2.6218456e-02  -4.4262822e-03  -5.6720946e-01
   2.3561945e+00   2.5326421e-02  -3.1638839e-02  -5.3314144e-01
   2.4052819e+00   2.3158896e-02  -5.6023636e-02  -4.5389153e-01
   2.4543693e+00   1.9903881e-02  -7.5695668e-02  -3.4394275e-01
   2.5034566e+00   1.5822763e-02  -8.9573447e-02  -2.2068498e-01
   2.5525440e+00   1.1209367e-02  -9.7402692e-02  -9.9798798e-02
   2.6016314e+00   6.3526971e-03  -9.9597994e-02   7.3941215e-03
   2.6507188e+00   1.5097685e-03  -9.7007725e-02   9.4505274e-02
   2.6998062e+00  -3.1099284e-03  -9.0684569e-02   1.5944266e-01
   2.7488936e+00  -7.3496717e-03  -8.1698952e-02   2.0340287e-01
   2.7979810e+00  -1.1102831e-02  -7.1002831e-02   2.2984613e-01
   2.8470683e+00  -1.4304738e-02  -5.9343943e-02   2.4345441e-01
   2.8961557e+00  -1.6921625e-02  -4.7232408e-02   2.4904803e-01
   2.9452431e+00  -1.8939207e-02  -3.4958803e-02   2.5061404e-01
   2.9943305e+00  -2.0353192e-02  -2.2651300e-02   2.5073436e-01
   3.0434179e+00  -2.1163055e-02  -1.0346535e-02   2.5061019e-01
   3.0925053e+00  -2.1369035e-02   1.9538131e-03   2.5057041e-01
   3.1415927e+00  -2.0971224e-02   1.4255062e-02   2.5064571e-01
   3.1906800e+00  -1.9969454e-02   2.6561706e-02   2.5075634e-01
   3.2397674e+00  -1.8363558e-02   3.8865402e-02   2.5036568e-01
   3.2888548e+00  -1.6154795e-02   5.1107724e-02   2.4787215e-01
   3.3379422e+00  -1.3349788e-02   6.3116533e-02   2.4022049e-01
   3.3870296e+00  -9.9678540e-03   7.4536246e-02   2.2307198e-01
   3.4361170e+00  -6.0513061e-03   8.4780871e-02   1.9153442e-01
   3.4852044e+00  -1.6770330e-03   9.3031633e-02   1.4119744e-01
   3.5342917e+00   3.0330919e-03   9.8287222e-02   6.9209373e-02
   3.5833791e+00   7.9055450e-03   9.9465690e-02  -2.4693770e-02
   3.6324665e+00   1.2714723e-02   9.5556678e-02  -1.3715848e-01
   3.6815539e+00   1.7191220e-02   8.5823341e-02  -2.6026077e-01
   3.7306413e+00   2.1041005e-02   7.0039702e-02  -3.8114599e-01
   3.7797287e+00   2.3976168e-02   4.8712315e-02  -4.8319310e-01
   3.8288160e+00   2.5754290e-02   2.3191685e-02  -5.4937499e-01
   3.8779034e+00   2.6218456e-02  -4.4262816e-03  -5.6720946e-01
   3.9269908e+00   2.5326421e-02  -3.1638839e-02  -5.3314144e-01
   3.9760782e+00   2.3158896e-02  -5.6023635e-02  -4.5389153e-01
   4.0251656e+00   1.9903881e-02  -7.5695667e-02  -3.4394275e-01
   4.0742530e+00   1.5822763e-02  -8.9573447e-02  -2.2068498e-01
   4.1233404e+00   1.1209367e-02  -9.7402692e-02  -9.9798801e-02
   4.1724277e+00   6.3526972e-03  -9.9597995e-02   7.3941193e-03
   4.2215151e+00   1.5097686e-03  -9.7007725e-02   9.4505273e-02
   4.2706025e+00  -3.1099283e-03  -9.0684569e-02   1.5944266e-01
   4.3196899e+00  -7.3496716e-03  -8.1698952e-02   2.0340287e-01
   4.3687773e+00  -1.1102831e-02  -7.1002831e-02   2.2984613e-01
   4.4178647e+00  -1.4304738e-02  -5.9343943e-02   2.4345441e-01
   4.4669521e+00  -1.6921625e-02  -4.7232409e-02   2.4904803e-01
   4.5160394e+00  -1.8939207e-02  -3.4958803e-02   2.5061404e-01
   4.5651268e+00  -2.0353192e-02  -2.2651300e-02   2.5073436e-01
   4.6142142e+00  -2.1163055e-02  -1.0346535e-02   2.5061019e-01
   4.6633016e+00  -2.1369035e-02   1.9538129e-03   2.5057041e-01
   4.7123890e+00  -2.0971225e-02   1.4255062e-02   2.5064571e-01
   4.7614764e+00  -1.9969454e-02   2.6561706e-02   2.5075634e-01
   4.8105638e+00  -1.8363558e-02   3.8865402e-02   2.5036568e-01
   4.8596511e+00  -1.6154795e-02   5.1107724e-02   2.4787215e-01
   4.9087385e+00  -1.3349788e-02   6.3116533e-02   2.4022049e-01
   4.9578259e+00  -9.9678540e-03   7.4536245e-02   2.2307198e-01
   5.0069133e+00  -6.0513062e-03   8.4780871e-02   1.9153442e-01
   5.0560007e+00  -1.6770331e-03   9.3031633e-02   1.4119744e-01
   5.1050881e+00   3.0330919e-03   9.8287222e-02   6.9209374e-02
   5.1541754e+00   7.9055450e-03   9.9465690e-02  -2.4693769e-02
   5.2032628e+00   1.2714723e-02   9.5556678e-02  -1.3715848e-01
   5.2523502e+00   1.7191220e-02   8.5823341e-02  -2.6026077e-01
   5.3014376e+00   2.1041005e-02   7.0039702e-02  -3.8114599e-01
   5.3505250e+00   2.3976168e-02   4.8712315e-02  -4.8319310e-01
   5.3996124e+00   2.5754290e-02   2.3191685e-02  -5.4937499e-01
   5.4486998e+00   2.6218456e-02  -4.4262816e-03  -5.6720946e-01
   5.4977871e+00   2.5326421e-02  -3.1638839e-02  -5.3314144e-01
   5.5468745e+00   2.3158896e-02  -5.6023635e-02  -4.5389153e-01
   5.5959619e+00   1.9903881e-02  -7.5695667e-02  -3.4394275e-01
   5.6450493e+00   1.5822763e-02  -8.9573447e-02  -2.2068498e-01
   5.6941367e+00   1.1209367e-02  -9.7402692e-02  -9.9798801e-02
   5.7432241e+00   6.3526972e-03  -9.9597995e-02   7.3941192e-03
   5.7923115e+00   1.5097685e-03  -9.7007725e-02   9.4505273e-02
   5.8413988e+00  -3.1099283e-03  -9.0684569e-02   1.5944266e-01
   5.8904862e+00  -7.3496717e-03  -8.1698952e-02   2.0340287e-01
   5.9395736e+00  -1.1102831e-02  -7.1002831e-02   2.2984613e-01
   5.9886610e+00  -1.4304738e-02  -5.9343943e-02   2.4345441e-01
   6.0377484e+00  -1.6921625e-02  -4.7232409e-02   2.4904803e-01
   6.0868358e+00  -1.8939207e-02  -3.4958803e-02   2.5061404e-01
   6.1359232e+00  -2.0353192e-02  -2.2651300e-02   2.5073436e-01
   6.1850105e+00  -2.1163055e-02  -1.0346535e-02   2.5061019e-01
   6.2340979e+00  -2.1369035e-02   1.9538131e-03   2.5057041e-01
